-122.4497477450002 37.76402318369085
-122.4497947602462 37.76401789634646
-122.4498526015831 37.76400938629055
-122.4499000089876 37.76400530160126
-122.4499655072893 37.76400350373135
-122.4500681026506 37.7639893498331
-122.4501480679167 37.76397799156288
-122.4501992307319 37.76397060732864
-122.4502524052457 37.76396052968262
-122.4502984054389 37.76395609698072
-122.4503382366268 37.76394970106935
-122.4503892430665 37.76394473867292
-122.4504304461081 37.76393822570736
-122.4504834542511 37.76392998126369
-122.4505202215495 37.763926012438
-122.4505812728103 37.76391782328703
-122.450660078511 37.76390874213325
-122.450729500804 37.76390009128409
-122.4508007409975 37.76389177555228
-122.4508660110387 37.76388557798238
