-121.7565955994593 36.58642756637966
-121.7568554323731 36.58612166709653
-121.7569476645383 36.58597334382583
-121.7569470301438 36.58597221991557
-121.7571715069878 36.58555463743892
-121.7573370096409 36.5852541791974
-121.7574367173018 36.58507987330498
-121.757523589074 36.58492367878492
-121.7575919000321 36.58479388753945
-121.7576364583404 36.58468314713355
-121.7576847034383 36.58452903703127
-121.7577046786526 36.58443075815541
-121.7577137306502 36.58418970693968
-121.7577159198177 36.58403734001059
-121.7577083438603 36.58358597934979
-121.7576937294858 36.58329643842245
-121.7576728645913 36.582836770367
-121.7576549120199 36.58271964759021
-121.7576404893127 36.58268195861754
-121.7576100135573 36.58264231237432
-121.7575745814823 36.58260475115206
-121.7575284406812 36.58257490964245
-121.757448502455 36.58254716331334
-121.7573720586325 36.58254490327117
-121.757138800079 36.58257995971817
-121.7570919724179 36.58259256976886
-121.7570275485864 36.58262474099514
-121.7569940547439 36.58265343219531
-121.7569631885728 36.58269756081273
-121.7569397377365 36.58274596301299
-121.7569270750199 36.58279570360841
-121.7569315444647 36.58284163520204
-121.7569510313196 36.58289592426251
-121.7570119955781 36.58302965799295
-121.7570525842736 36.58312957370023
-121.7571141413924 36.58333037330657
-121.7571433828009 36.58345459946705
-121.7571653854728 36.58361307301081
-121.757176375401 36.5837606108531
-121.7571786854532 36.58394216502455
-121.7571647045455 36.5840850355421
-121.7571301896439 36.58427810726187
-121.7570708970313 36.58454484050925
-121.7570593042274 36.58459975722161
-121.7570446582483 36.58466651906517
-121.7570194694159 36.58473216688946
-121.7569900062692 36.58478563909961
-121.7569450974491 36.58484549462749
-121.7569031080534 36.58488340802631
-121.7568542578184 36.58492023770784
-121.7568015777607 36.58495201930563
-121.7567511190738 36.58497360315526
-121.7566933708872 36.58499500412771
-121.7566404062511 36.58500597830149
-121.756576841882 36.58501648623851
-121.7565135216817 36.58502118164921
-121.7564501981927 36.58501729512375
-121.7563809866876 36.58500765883617
-121.7563028683679 36.58499265116577
-121.7557360951329 36.5848847078594
-121.7552656105645 36.58479378815487
-121.7545151878363 36.58464965312602
-121.7542734535949 36.58460656346753
-121.7541604926424 36.58457239403987
-121.7540710004322 36.58453800474435
-121.7539983572172 36.58449667235482
-121.7539282584699 36.58444362586436
-121.7538722385767 36.58439548407675
-121.7538207491506 36.58433701226958
-121.7537868647925 36.58428578013421
-121.7537575491776 36.58422699024381
-121.753738781101 36.58417721738321
-121.753722906934 36.58409980347995
-121.7537167836253 36.58403018558408
-121.7537085673648 36.58395503924313
-121.7536989818051 36.58387940588124
-121.7536669160575 36.58353138495021
-121.7536494213607 36.58336598234384
-121.7536362053933 36.5832480027725
-121.7536179264843 36.58305278605409
-121.7536090087437 36.58293126868014
-121.7536074711051 36.58279830170817
-121.75361447277 36.58270594679698
-121.7536261084274 36.58260626476374
-121.7536350677153 36.58251750733655
-121.7536527682848 36.58242340036958
-121.753675895638 36.58231749995418
-121.7537300935104 36.58213899327739
-121.7538396938632 36.58181946874858
-121.7539402109108 36.58154618763339
-121.7540308307368 36.58128949915657
-121.7541663663639 36.58090149685052
-121.7542738422438 36.58059418837089
-121.7543089769836 36.58050364699973
-121.7543314215257 36.5804021966477
-121.7543286613156 36.58033948019711
-121.7543172163767 36.58027837607919
-121.754280927397 36.58020264130811
-121.7542448425908 36.58014475274644
-121.7541878061844 36.58009233131538
-121.754119479065 36.58004233123163
-121.7540619544901 36.58001233759451
-121.7540025983937 36.57998775373562
-121.7539211049448 36.5799659201164
-121.7538383036941 36.57994849290973
-121.753677924179 36.57992710168494
-121.7535626217913 36.57992389097333
-121.7534579733784 36.57992730387146
-121.7533372555896 36.57993942847241
-121.7530880893728 36.57996498200624
-121.7529035147358 36.57998955221255
-121.7527323858832 36.58001464718512
-121.7524206801925 36.58006179007163
-121.7520154307691 36.58012468826539
-121.7517941576029 36.58015429841213
-121.7512913896957 36.58021724006782
-121.750911994402 36.58026057269511
-121.7507043765514 36.58028741901209
-121.7502883886191 36.58034763771848
-121.7500325555593 36.58038190934592
-121.7499730120526 36.58039931937111
-121.7499376812038 36.5804176043813
-121.7498996835255 36.58044767251233
-121.7498740992961 36.58048479588173
-121.749830705187 36.5805495052602
-121.749781386006 36.58063066848817
-121.749748622445 36.58068024708236
-121.7497000842842 36.58075570521811
-121.7496141789163 36.58088767099282
-121.7495487733264 36.5809903108449
-121.7495122451253 36.58104798387914
-121.7494844550669 36.58110071584518
-121.7494567300394 36.58115557194766
-121.7494197810937 36.58124491516516
-121.7493983506268 36.5813061714807
-121.7493644773555 36.58142491674831
-121.7493446641414 36.58151095644831
-121.7493220437217 36.58160921701051
-121.7493060456359 36.58171067840904
-121.7492925278115 36.58181577944958
-121.7492854455134 36.58190102687333
-121.7492818154203 36.58198425214734
-121.7492795253801 36.58207714738467
-121.7492801642569 36.5821579401534
-121.7492787789579 36.58226893572627
-121.749279622039 36.58231414593011
-121.7492808884544 36.58252076171447
-121.7492789454851 36.58266350920545
-121.7492689796073 36.58281178237846
-121.7492535119443 36.58296847981989
-121.7492466797087 36.5830762064512
-121.749240005982 36.58324761681094
-121.7492409032218 36.58340736807826
-121.7492457884816 36.58351208881505
-121.7492503909271 36.58361756820193
-121.749258982999 36.58373288523433
-121.7492690775921 36.58383964374454
-121.7492736047445 36.5839117931724
-121.7492735202493 36.58399567140127
-121.7492692689069 36.58405649208315
-121.7492546764305 36.58414563142049
-121.7492363567646 36.58422718906718
-121.7491943486708 36.58437255849208
-121.7491594632213 36.58447679805796
-121.7491264370709 36.58456640512773
-121.7490760771046 36.58468329219065
-121.7490622387959 36.58473142202531
-121.7490578301002 36.58476950767234
-121.7490593985718 36.58478942209066
-121.7490668326186 36.5848160885722
-121.7490759300825 36.58483561430145
-121.7490899565787 36.58485433184975
-121.7491114661605 36.58486796526006
-121.7491355933778 36.58487787621451
-121.7491621578228 36.58488476939636
-121.749217430433 36.58488966613362
-121.7492837563339 36.58489296114276
-121.7493587493776 36.58489824191984
-121.7494085937273 36.58490862563526
-121.7494357980186 36.5849152450368
-121.7494559405332 36.58492241827692
-121.7494809879043 36.58493427541203
-121.7495044548232 36.58494604632228
-121.7495318159097 36.5849615972535
-121.7495530244722 36.58497909144225
-121.7495736506316 36.58499714186551
-121.7495898284616 36.58501663459352
-121.7496091766862 36.58504423738393
-121.7496256711729 36.58507796284572
-121.7496373034488 36.58511418643405
-121.7496449819659 36.5851402539696
-121.7496593087764 36.58521102533563
-121.7496688739189 36.58526494545661
-121.7496838768267 36.58535422811899
-121.7497005387124 36.58547500191835
-121.7497077359729 36.58554381655654
-121.7497088226713 36.58557320585245
-121.7497092593485 36.5856446916379
-121.7497059660228 36.58572435282183
-121.7496968289359 36.58579726949706
-121.7496857552636 36.58584609444699
-121.7496723051108 36.5859244396915
-121.7496689304902 36.58596933430147
-121.7496652673541 36.58601865660214
-121.7496659673683 36.58607241015205
-121.7496726168841 36.58613992481396
-121.749681694525 36.5862017350292
-121.7496954506887 36.58627116951669
-121.7497133012013 36.58634414411014
-121.7497322301559 36.58640689532648
-121.749754839515 36.5864714693836
-121.7497749772897 36.58651459699065
-121.749800653175 36.58656054093528
-121.7498301314784 36.58660237782273
-121.7498675409648 36.58664760117272
-121.749927859439 36.58670480593955
-121.7499911833165 36.58675996848456
-121.7500536595699 36.5868063041977
-121.750100635099 36.58683819567979
-121.7501499682842 36.58686250558576
-121.7502238400686 36.58688918676879
-121.7502893209613 36.58690532297933
-121.7503371093116 36.58691268222329
-121.7503861402854 36.58691608312648
-121.750435306728 36.58691606033811
-121.7504870296891 36.58691109160551
-121.7505594576212 36.58689874842775
-121.7506831768173 36.58687493403989
-121.7508558509474 36.58683534386567
-121.7509779351777 36.58680811289144
-121.7511208339694 36.58677244374402
-121.7512422786176 36.58674381193899
-121.7516994671371 36.58663170816265
-121.7521153633009 36.58652870750007
-121.7523200257354 36.58647937210092
-121.7524871912957 36.58643632343531
-121.7525899688113 36.58641522044223
-121.7526710542851 36.58640866724195
-121.7527442419639 36.58641011171565
-121.7528449386571 36.58642602324172
-121.7529275135772 36.58645133039524
-121.7529951281918 36.58648120983401
-121.7530674772725 36.58652558280711
-121.7531335671839 36.58658214748598
-121.7532241330863 36.58670274683855
-121.7534852770721 36.5871003268821
-121.7537303471319 36.58747278586969
-121.7539198053104 36.58776151339551
-121.7541072015274 36.58804982663102
-121.7544083422055 36.58851156036367
-121.7544604710794 36.58858765113931
-121.7544825133394 36.58860685042924
-121.754502639861 36.58861884796593
-121.7545290695174 36.58862479387903
-121.7545521161097 36.58862701494223
-121.7545769232041 36.58862357707518
-121.7546086057571 36.58861252794613
-121.7546368514807 36.58858682868035
-121.7546679131576 36.58855946770463
-121.754698208976 36.58851846291684
-121.7547211856672 36.58846253879346
-121.7547432165126 36.58842347260096
-121.7547735201462 36.58838630479114
-121.7549220989353 36.58822600717213
-121.7550650328221 36.58806948229367
-121.7553652039257 36.5877479502436
-121.7557109384524 36.58737730564842
-121.7560922134871 36.58697912204378
-121.7565880513419 36.5864370417487
