-121.7566943145258 36.58648337632783
-121.7568307803756 36.58632809578669
-121.7569110782028 36.58622720911912
-121.7569651407881 36.58614497537324
-121.7570165413543 36.58605457864635
-121.7570960420512 36.58592810252452
-121.7572210643345 36.58570737961251
-121.757365538472 36.58543374485134
-121.7574793414334 36.58522720878708
-121.7575782221874 36.58506114590121
-121.7576763595054 36.58489504502703
-121.757748818145 36.58473462211217
-121.7578011591805 36.58457435398266
-121.7578296616108 36.58441291847483
-121.7578402880023 36.58423044334776
-121.7578435050645 36.58400397258374
-121.7578444355252 36.58385489737749
-121.7578439665171 36.58370702101683
-121.7578404569047 36.58352511745856
-121.757827262062 36.58330535447148
-121.7578174190102 36.58307795542455
-121.7578103075181 36.5829092451911
-121.7577982570153 36.58275415977061
-121.7577714164971 36.58265785976755
-121.7577225352812 36.58258343882599
-121.7576613967919 36.58251851857273
-121.7575731677878 36.58246140340262
-121.7574478416646 36.58241654378969
-121.7573263264769 36.58239943008321
-121.7572114718911 36.58240704607915
-121.7570709816825 36.58244223897029
-121.7569735176469 36.58249796386507
-121.7568829264932 36.58258469551602
-121.7568389577346 36.58265666202642
-121.7568093227992 36.58272913299643
-121.756798293704 36.58279634276287
-121.7568105193394 36.58287378368322
-121.7568467823329 36.58295676739286
-121.7568786151671 36.58302918893502
-121.7569109379326 36.58311066934626
-121.7569393800094 36.58319273457509
-121.7569761322024 36.58330515427544
-121.7570049413602 36.58342634543087
-121.7570245563343 36.58352958438868
-121.7570357628614 36.58363152959843
-121.7570439830839 36.58373579314502
-121.7570479896665 36.58384952093837
-121.7570438388386 36.58399415522113
-121.7570249317754 36.58414922072528
-121.7569976061002 36.58428530760786
-121.7569643264032 36.58443168679408
-121.7569396739564 36.58454578013111
-121.7569113359908 36.58465815317287
-121.7568981323004 36.58469797609764
-121.7568757792299 36.58473549202974
-121.7568320624508 36.58478862943505
-121.7567734902707 36.5848368200307
-121.7567370589182 36.58485880490117
-121.7566791048446 36.58488407416587
-121.7566242535572 36.58490016375742
-121.7565782328173 36.58490969168083
-121.7565353005261 36.58491468205922
-121.7565001976134 36.58491628716706
-121.7564537889383 36.58491220862964
-121.756396755328 36.58490174429802
-121.7562697418302 36.58487941866786
-121.7560939651537 36.58484419997778
-121.7558071324564 36.58478861197121
-121.7555336724978 36.58473567985133
-121.7553144697906 36.58469432016921
-121.7550356724067 36.58464011670761
-121.7547646394696 36.58458930928899
-121.7545121842749 36.5845399715688
-121.7543173164698 36.58450096633028
-121.7541980726075 36.58447099057861
-121.7541062177274 36.58442731753565
-121.7540258822732 36.58437131383207
-121.7539564775613 36.58430603729551
-121.7539162140915 36.58425336722324
-121.75388563397 36.58419967980763
-121.7538585968644 36.58411419160847
-121.7538423647008 36.58398621590362
-121.753826382353 36.58383783695465
-121.7538109922901 36.58367262311385
-121.7537986156801 36.58354232151422
-121.7537729304051 36.58328220173009
-121.753755833247 36.58309940073514
-121.7537422437365 36.58289324315886
-121.7537411752673 36.58278076488531
-121.7537518589106 36.58265755717242
-121.7537630156569 36.5825507813148
-121.753781035283 36.58245750144451
-121.7538061013511 36.58235131406712
-121.7538406751878 36.58222298240826
-121.7538735133103 36.58212076341427
-121.7539199662008 36.5819850393987
-121.7539726161108 36.58183831173638
-121.7540268021479 36.58168183915856
-121.7541538375582 36.58133035931793
-121.7542958955053 36.58091604505999
-121.7543496007557 36.58075890790472
-121.7543939147355 36.58063722684055
-121.7544330504924 36.58053786113003
-121.754452928664 36.58046688824828
-121.7544641173011 36.58039096569775
-121.754460400392 36.58030724724095
-121.7544413387772 36.58024478638179
-121.7544078189868 36.58016619122188
-121.7543614313279 36.5800925496093
-121.7543091577989 36.58003084177517
-121.7542404312701 36.57998122868192
-121.7541414971191 36.57992968482105
-121.7540685904326 36.57989915134365
-121.7539716844056 36.57987005711148
-121.7538907619521 36.57985024965765
-121.7538104742037 36.57983888597735
-121.7537431381483 36.57983438761062
-121.7536674920833 36.57983401378944
-121.7535798640614 36.57983599272958
-121.7534726984871 36.5798433543908
-121.7533131649873 36.57986127269041
-121.753215913352 36.57987100314207
-121.7530995624366 36.5798834769789
-121.7529601158649 36.5799007983717
-121.7528014997767 36.57992062904869
-121.7526879975185 36.57993893827665
-121.7525436915246 36.57995945534062
-121.7524074474886 36.5799796050913
-121.7522958755618 36.57999663825855
-121.7520886512395 36.58002742603188
-121.7519513109271 36.58004800121867
-121.7517792726484 36.58007031055869
-121.7515824334452 36.58009827438474
-121.7514391418813 36.58011523586296
-121.751308411694 36.58013096103944
-121.7511866543111 36.5801450954775
-121.7509970881406 36.5801644979587
-121.7508239239121 36.58018631473473
-121.750673733961 36.5802079692568
-121.7505472447942 36.58022550700662
-121.7504199948239 36.58024372167085
-121.7503156302164 36.5802598260996
-121.7502370896041 36.58027200316347
-121.7501730272785 36.58027870968538
-121.7500841822051 36.58028999427445
-121.7500187892699 36.58029994459289
-121.7499767248987 36.58031109310703
-121.7499306360353 36.5803267467
-121.7498789569069 36.58035182681144
-121.7498393378239 36.5803828325261
-121.7498099272626 36.58041648267204
-121.7497812402465 36.58045620882643
-121.749737197352 36.58052549911901
-121.7496755335231 36.58060972377366
-121.7496268817843 36.58068001937244
-121.7495684673387 36.58076827038495
-121.7495195480346 36.58084628464525
-121.7494449133044 36.5809721354609
-121.7493821796025 36.58108448078879
-121.749334791258 36.58118511120055
-121.7492988996312 36.58127691005384
-121.7492698782013 36.58137795818418
-121.7492403346422 36.58148870620309
-121.7492221510655 36.58157561442898
-121.7492059682623 36.58167881324141
-121.7491888721806 36.58181690081237
-121.7491827751359 36.58190801655858
-121.7491780750913 36.58200607093328
-121.7491758564505 36.58211163277402
-121.7491757309446 36.58223725061983
-121.7491739565858 36.58235117932042
-121.7491752045156 36.58244792627207
-121.7491782436657 36.58256767694229
-121.7491733315179 36.58266298787568
-121.7491649175178 36.58277581301709
-121.7491494827322 36.58294358345045
-121.7491404666373 36.58307379332765
-121.7491388694017 36.58311479376109
-121.7491347537105 36.5832661375321
-121.7491355535859 36.58339553265475
-121.7491416640689 36.58351909052907
-121.7491489412475 36.58365711863054
-121.7491534484509 36.58371174958417
-121.7491623615267 36.58383573639845
-121.7491677326974 36.5838917844566
-121.7491712318742 36.5839426873024
-121.7491712147364 36.58399225189194
-121.7491672787897 36.58404542224324
-121.7491555931605 36.58411193994703
-121.7491343803749 36.58418893225946
-121.7491138529047 36.58425688487871
-121.7490927828288 36.58431989067559
-121.7490785158963 36.58435996618807
-121.7490501965508 36.58443127225653
-121.7490259540317 36.58449043585427
-121.7489993879518 36.58455184262733
-121.7489740438537 36.58460487557762
-121.7489594434804 36.58464125396987
-121.7489461317844 36.58467366429121
-121.7489351871161 36.58470678280409
-121.7489296225863 36.58474147448555
-121.7489290180185 36.58476768757992
-121.7489332310554 36.58480949366005
-121.7489396264948 36.58483822972008
-121.7489522386554 36.58486978680916
-121.7489706060275 36.58489961971953
-121.7489920999648 36.58492167601903
-121.7490192632383 36.58494288508822
-121.7490554058524 36.58496175767985
-121.7490963882047 36.58497678744918
-121.7491376341326 36.58498360188255
-121.7491750412515 36.58498772517024
-121.7492284196265 36.5849913407597
-121.7492852487594 36.58499516811018
-121.7493164273174 36.5849972403869
-121.7493465653557 36.58500188143631
-121.7493791970801 36.58500754762289
-121.7494089406432 36.58501941614721
-121.7494332536164 36.58503215093497
-121.7494592081164 36.58505151261243
-121.7494862761598 36.58507930478889
-121.7495005491199 36.58510775928337
-121.7495125053201 36.58513800875073
-121.7495233630306 36.58517441448635
-121.7495351638149 36.58521915730579
-121.74954459861 36.5852719762608
-121.7495592019528 36.58535880436696
-121.7495669750641 36.58541325058692
-121.74957608525 36.58549814786318
-121.7495803573926 36.5855788030168
-121.7495782072864 36.58565723927792
-121.7495631679058 36.58577449075613
-121.7495384903085 36.58591410174995
-121.749532750591 36.58599481224096
-121.7495312796851 36.58607046959067
-121.7495402962471 36.58616733574475
-121.7495536769161 36.5862556086044
-121.7495739200343 36.5863417988237
-121.7495995043195 36.58643699128608
-121.749623276761 36.58650531265568
-121.7496525696 36.58657024987612
-121.7496843476614 36.586625780903
-121.7497234165192 36.58668036027557
-121.7497695094142 36.58673322544368
-121.7498291681807 36.58678624735934
-121.7498865297983 36.58683505047656
-121.7499327211415 36.58686774563697
-121.7500071341099 36.586913898661
-121.7500949709488 36.58695849343255
-121.750171062987 36.58698622195797
-121.7502714353702 36.58701054997066
-121.7503507675309 36.58702099728189
-121.7504004468347 36.58702349893537
-121.7504647806207 36.58702075451916
-121.7505400272449 36.58700921926751
-121.7506410417652 36.58699164846785
-121.7507420997911 36.58696945935363
-121.750838183252 36.58694942200353
-121.7509780525652 36.58691646265657
-121.7511091508797 36.58688559504211
-121.7512335553117 36.5868543793545
-121.7513800177628 36.58681915770305
-121.7515653439409 36.58677176393144
-121.7517484828043 36.58672879115465
-121.7519061321192 36.58668903808627
-121.7520752910785 36.58664794793917
-121.7522295447427 36.58661034911788
-121.7523870508593 36.58657088721471
-121.7525083249472 36.58654007541747
-121.7525841522139 36.58652274847199
-121.7526399906863 36.5865156883418
-121.7526900843356 36.58651304477578
-121.7527423389669 36.58651510534418
-121.7527955226487 36.58652349804447
-121.7528485345584 36.58653637550702
-121.7529049180855 36.58655655320177
-121.75295787855 36.58658535273468
-121.7530000947148 36.58661535507548
-121.7530387183223 36.58665397628751
-121.7530813325401 36.58670646245572
-121.7531120396422 36.58675172969497
-121.7531583580233 36.58682556625158
-121.7532065744251 36.58689754398483
-121.7532579425223 36.58697786435953
-121.7533083848674 36.58705636398941
-121.7533582597794 36.58713233364617
-121.7534381700519 36.58725286762623
-121.7534977533487 36.58734767124804
-121.7535682198792 36.58745270911808
-121.7536398522029 36.58756297010277
-121.7537227876529 36.58768664854998
-121.7537914476433 36.58779366877438
-121.7538688368605 36.5879092720904
-121.7539490560174 36.58803505357573
-121.7540218405052 36.58814382580555
-121.7541142745157 36.58828459840949
-121.7541874282344 36.588399797475
-121.7542560882426 36.58850554303105
-121.7543081040903 36.5885846491405
-121.7543442329096 36.58863520226162
-121.7543758433144 36.58866979556783
-121.7544174341688 36.58869871436178
-121.7544535983535 36.58871488071858
-121.7544863924254 36.5887251663172
-121.7545114517488 36.58873035665035
-121.7545414897621 36.58873191356503
-121.7545726128549 36.58873151026315
-121.7546019658533 36.58872736747183
-121.754634648668 36.58871899882474
-121.7546643970782 36.58870724593478
-121.7546933436585 36.58869203288564
-121.7547177698517 36.58867601167121
-121.7547553639795 36.58863990851563
-121.7548165624817 36.58857246137528
-121.754888345204 36.58849353275534
-121.7549555537785 36.5884174693552
-121.7550123713235 36.58835244127727
-121.7551029948671 36.58825137868199
-121.7551950049283 36.58814803780892
-121.7553008103183 36.58803255190096
-121.7555001449326 36.58780857763652
-121.7556957450684 36.58759264718019
-121.7559430834128 36.58731715892676
-121.7561197165136 36.58712000253559
-121.7562611237374 36.58696270847044
-121.7564133987865 36.58679496003634
-121.7565493365643 36.58664492256491
-121.7566300733009 36.5865549429212
