-121.756612457163 36.58648964641339
-121.7567213191917 36.58637141405118
-121.756837433897 36.58623226659004
-121.756922456236 36.58610717065302
-121.7569954428484 36.58597966676604
-121.7571638887894 36.58569205726253
-121.7573993260727 36.5852579961923
-121.7575973966517 36.58489579080494
-121.7576763988919 36.58473481139264
-121.7577042045779 36.5846565537252
-121.7577293903328 36.58456534734988
-121.7577542668218 36.58443408626854
-121.7577593716501 36.58439980075631
-121.7577612587879 36.58438283152822
-121.7577637095945 36.58436782552692
-121.7577695680349 36.58432206645626
-121.757777231835 36.58425152957197
-121.7577722818912 36.5836828408555
-121.7577519153725 36.58314527139447
-121.7577386784245 36.58285436529431
-121.7577107971029 36.58270131460957
-121.757651201104 36.58261106428287
-121.7575534511817 36.58253965798102
-121.7574262256782 36.58250214299029
-121.7573109630916 36.58249732572362
-121.7571595669952 36.58250574223673
-121.757041456853 36.58254755669578
-121.756961043182 36.58260343344244
-121.7568928525855 36.58268862948938
-121.7568700699155 36.58278943292488
-121.7568866565984 36.58289261208098
-121.7569325828785 36.58299190617511
-121.7570030160018 36.58316376373109
-121.7570821891337 36.58347939661983
-121.7571108677019 36.5837920264842
-121.7570880389577 36.58415466623417
-121.7569624510812 36.58469289145724
-121.7568950706793 36.5847993319543
-121.756813512136 36.58487091206042
-121.756765344564 36.58490386218303
-121.7567040094432 36.584924282837
-121.7565423313268 36.58495967844887
-121.7563521156049 36.58493681172243
-121.7562993360422 36.5849286003111
-121.7562274971036 36.58491334824462
-121.7561216931755 36.584893376602
-121.7561010832756 36.58488931899934
-121.7560776658765 36.58488469006667
-121.7560018388438 36.58486994670379
-121.7559062931376 36.58485145683301
-121.7558713126611 36.5848450469055
-121.755827037342 36.58483604401204
-121.7557634569208 36.58482493609437
-121.7557218506876 36.5848164921816
-121.7556722570246 36.58480729999572
-121.7556037481687 36.58479500058112
-121.755555201567 36.5847862461233
-121.7555048094294 36.5847774176348
-121.755460600479 36.58476870017387
-121.755414546349 36.58476057998719
-121.7553534255821 36.58475029108978
-121.7552998065743 36.58474055546926
-121.7552582869609 36.58473344110929
-121.7551131186678 36.58470480118787
-121.7550453669421 36.58469475180063
-121.7549529717904 36.58467839843586
-121.7543230695944 36.58455502651726
-121.7541613955005 36.5845077919944
-121.7540621999484 36.584462761182
-121.754004744495 36.58442369702407
-121.7539546844737 36.58438367072151
-121.753922155241 36.58435308142884
-121.7538884970076 36.58431026260692
-121.7538556181982 36.5842644295986
-121.7538274039289 36.58421349356925
-121.7538126059933 36.58416169262149
-121.7537966686404 36.58407428311775
-121.7537802155969 36.58397297253383
-121.7537526885412 36.58375665497213
-121.7537263801367 36.58354815396364
-121.7536807324063 36.58303792651785
-121.7536693912231 36.58282571865592
-121.7536892102703 36.58260555505397
-121.7537141665416 36.58239732792926
-121.7537588956865 36.58223935334842
-121.7538158546869 36.58208017426135
-121.7538845538948 36.58189171998409
-121.7539312155544 36.58177574044408
-121.7542198248482 36.58094546803189
-121.7543838880563 36.58045648749287
-121.7543955427525 36.58038484564062
-121.7543941697645 36.58032354445344
-121.7543790997878 36.58026471456381
-121.7543502819777 36.58020559547224
-121.754304947141 36.5801386191394
-121.7542567472749 36.58007791468559
-121.7541684437946 36.58000213209655
-121.7540424522168 36.57993808490502
-121.7538750093692 36.57989803039866
-121.7537494087921 36.57988010532139
-121.7536303158294 36.57987281054406
-121.7534786987333 36.57987745869424
-121.7533169758213 36.5798873378583
-121.7530034631589 36.57992506656802
-121.7522999525183 36.58003613346241
-121.751770726588 36.58011466139927
-121.7511839041273 36.58018991117795
-121.7500917784022 36.58032683509118
-121.7500117829677 36.58034208465353
-121.7499465169261 36.58036987720878
-121.749880172729 36.58041084830545
-121.7498387501553 36.58045908951404
-121.7494850224255 36.58099208125473
-121.7494103653638 36.58113765827541
-121.7493472581982 36.58131080643714
-121.7493044563626 36.58147342510064
-121.7492490177983 36.58174919872038
-121.7492306438055 36.58194185748749
-121.7492307111802 36.58241622348527
-121.7492296316229 36.58263645873984
-121.7491955102014 36.58306267820476
-121.7491890199847 36.58351778512031
-121.7492181656035 36.58385977852607
-121.7492150635642 36.58405922805613
-121.7491973881784 36.58416501554392
-121.7491581670071 36.58430285358128
-121.7490675339241 36.58454774850318
-121.7490219829953 36.58464224058316
-121.7490027992287 36.58469584464726
-121.7489973583693 36.58475664415102
-121.7490024469512 36.58480934519905
-121.7490211610798 36.58484394896333
-121.7490492516922 36.58487224995607
-121.7490832225632 36.58489700737314
-121.7491187087476 36.5849097680244
-121.7491616113037 36.58491972033329
-121.749238261579 36.58493106990566
-121.7493071744761 36.58493800100224
-121.749358466272 36.58494775285622
-121.749414575426 36.58496264280853
-121.7494747800626 36.58499196606515
-121.7495171464631 36.58502575511684
-121.7495502099335 36.585068293963
-121.7495708684491 36.58511997664355
-121.7495964623706 36.58521209672003
-121.7496118867091 36.58531808807823
-121.7496257353264 36.58543265831658
-121.7496373067892 36.58553886779739
-121.7496362250761 36.58567912173408
-121.7496241627131 36.58579697700006
-121.7496209684378 36.58582455151877
-121.749592775288 36.58600498057384
-121.7496041085305 36.58612193728264
-121.7496253709679 36.58625312052542
-121.7496592372094 36.58637283112265
-121.7496902057497 36.58647086329741
-121.7497319055981 36.58655466253513
-121.749787122311 36.5866336117505
-121.7498692536799 36.58672527146697
-121.7499464381998 36.58679197069104
-121.7500352458875 36.58685455669075
-121.7501317690434 36.58690493024739
-121.7502480897423 36.58694017723363
-121.750374675245 36.58695690602001
-121.7504966598961 36.58695301668359
-121.7506109137371 36.58693994608173
-121.7507190182049 36.58691693910381
-121.7511227703235 36.58682743139053
-121.751582490417 36.58671755986025
-121.7523557942741 36.58652295990338
-121.7525763222323 36.58647341611815
-121.7526603357907 36.58646726869505
-121.7527421881145 36.58646873295431
-121.7528133757465 36.58648140709087
-121.75287726079 36.58649868716331
-121.7529435952244 36.58652732753405
-121.752990970042 36.58655439815471
-121.7530414230889 36.58658813257546
-121.7530874890125 36.58663098950147
-121.7531365728798 36.58669034132072
-121.7533433518026 36.58701167146919
-121.7537102604798 36.58757875451103
-121.7538850493406 36.58783269550036
-121.7540346685839 36.58805655236363
-121.7541720809724 36.58826541198029
-121.754316992764 36.58848783193025
-121.7543592125869 36.58854797938037
-121.7543933683378 36.58859069358688
-121.7544242651458 36.58862644923033
-121.7544478160745 36.58864304314456
-121.7544771564457 36.58865671454727
-121.7545141752605 36.58866502230799
-121.7545472594535 36.58866542865044
-121.7545767506705 36.58866172268496
-121.7546176164563 36.58865342942509
-121.7546568726005 36.58863643469536
-121.7546955195764 36.58860069860761
-121.7547524884344 36.58853767430908
-121.7548130378745 36.58846960792534
-121.7549821845558 36.58827455027301
-121.7553484806287 36.58786813324792
-121.7555815861292 36.58761027185609
-121.7560498952197 36.58709696572334
-121.7563745121743 36.58674602465101
-121.7565680932587 36.58654478557109
-121.7567112837382 36.58640235858078
-121.756742165255 36.58637340870939
-121.7567864583197 36.5863291612382
