-122.0831678621289 37.405541044054
-122.0832776841491 37.4051559916955
-122.0832767759126 37.40514432903309
-122.0832709678412 37.40513693721123
-122.0832669067923 37.40513264416666
-122.0832564898265 37.40512650795105
-122.0832070687343 37.40511689797361
-122.0831956340692 37.40511621200967
-122.0831832784179 37.40511850036097
-122.0831740340482 37.4051219687975
-122.083164642166 37.40512694502124
-122.0831574642168 37.40513462301752
-122.0831514915823 37.40514384715723
-122.083147207898 37.40515520468836
-122.0831425260245 37.40517058618433
-122.0830665331615 37.40543520232872
-122.083043958165 37.40552019556069
