-122.0833422628919 37.40564537477162
-122.0834165556974 37.40565774962923
-122.0835005386338 37.40567210238326
-122.0835770268946 37.40568623138233
-122.0836388953088 37.40569739197371
-122.0836809310309 37.40570473979431
-122.0837211496311 37.40571127107094
-122.0837678864933 37.40571977383606
-122.0838179753962 37.40572795479472
-122.083861881425 37.40573753485029
-122.0839064720659 37.40574452196039
-122.083947000185 37.40575271215125
-122.0839916009249 37.40575969535099
-122.0840328051151 37.40576529875828
-122.0840737489993 37.40577688049095
-122.084117933679 37.4057814652378
-122.084155171943 37.40578920850384
-122.0842000676117 37.40579790423622
-122.0842447407061 37.40580494343623
-122.0842950653833 37.40581407193108
-122.0843423503669 37.40582422712752
-122.0843861207709 37.40583215701691
-122.0844382100486 37.40583921042126
-122.0844866500841 37.40584939223628
-122.0845304208062 37.4058573222815
-122.0845686898464 37.40586405102334
-122.0846082327552 37.40587084518401
-122.0846477653621 37.40587836621459
-122.0846915700362 37.40588630166662
-122.0847221385984 37.40589118855836
-122.0847551699027 37.40589839472048
-122.0847934696395 37.40590512968871
-122.0848374824912 37.40591394832113
-122.08487170698 37.40591957253142
-122.0849135761825 37.40592785263416
-122.08497111938 37.4059405146067
-122.0850154317935 37.40594804497012
-122.0850620577382 37.40595804405404
-122.0851017888372 37.40596160448848
-122.0851507044392 37.40597223065071
-122.0851971852163 37.40597964834173
-122.0852416518333 37.40598809066566
-122.0852959922901 37.40599929901361
-122.0853381119256 37.40600526064237
-122.0853868274605 37.40601336981923
-122.0854305027603 37.40602282694499
-122.0854608315182 37.40602780170094
-122.0855002986063 37.40603670901248
-122.0855339867636 37.40604083731957
-122.0855732712332 37.40604954454938
-122.085617675803 37.40605622584944
-122.0856484052759 37.40606143314487
-122.0856822609672 37.40606746052534
-122.085720322553 37.40607405551908
-122.0857660165983 37.40608374460437
-122.0858031519752 37.40609308217115
-122.085835075464 37.40609795627471
-122.0858677002878 37.40609776491698
-122.0858877812775 37.40608815985149
-122.0859072130779 37.40607435173644
-122.0859197372991 37.40606167988466
-122.0859309639107 37.40604552428719
-122.0859362419193 37.40602710128671
-122.0859442604321 37.40600186403762
-122.0859514005933 37.40597940949102
-122.0859622538332 37.40594661726566
-122.0859739305802 37.40590810468328
-122.0859849682058 37.40587475422179
-122.0859960070507 37.40584185815051
-122.0860035130102 37.40581312497694
-122.0860124470274 37.40578273615463
-122.0860175752346 37.40575896142008
-122.0860259571717 37.40573512538377
-122.0860308937246 37.40570827255046
-122.086039095652 37.40567956184533
-122.0860455865112 37.40565394781147
-122.0860545086632 37.4056277332943
-122.0860596637677 37.40560214319906
-122.0860653836879 37.40557538107568
-122.0860762799577 37.4055486084301
-122.0860808848384 37.40551937168013
-122.0860894433779 37.40549463070479
-122.0860946460551 37.4054727092683
-122.0861014024672 37.40544868314564
-122.0861060130563 37.40542587465526
-122.0861139514648 37.40539977564805
-122.086122163684 37.40537530636037
-122.0861289760135 37.40534519282779
-122.0861369170183 37.40532081229297
-122.0861428768804 37.4052925579294
-122.0861515100381 37.40526939709846
-122.0861565126194 37.40524241882581
-122.0861637417172 37.40521677905216
-122.0861721302648 37.40518994957078
-122.0861791666191 37.40516058228801
-122.0861883810236 37.40513194941706
-122.0861950986701 37.4051017811334
-122.0862026948143 37.40507219334271
-122.0862121407264 37.40503917039335
-122.0862224598556 37.40501412473616
-122.0862267511992 37.4049918046702
-122.0862365312654 37.40496406095995
-122.086244092926 37.4049360340144
-122.0862527484789 37.40490842231387
-122.0862603132637 37.40488311648945
-122.0862676215167 37.40485735329695
-122.0862767593096 37.40483132780377
-122.0862823601619 37.4048047261056
-122.0862934581655 37.40477583593086
-122.0863018940407 37.40474433198974
-122.0863112558378 37.404711238036
-122.0863170668332 37.40469112344775
-122.086327861659 37.40466190932769
-122.0863332247554 37.40463463011589
-122.0863434251327 37.40460111003176
-122.0863487262336 37.40457574231488
-122.0863610146882 37.40452688965849
-122.0863712101413 37.40449733622911
-122.0863761965481 37.40447101167686
-122.0863868470565 37.40444253010708
-122.0863997155043 37.40439011559
-122.0864063359281 37.40436142987382
-122.0864145573992 37.40433360538137
-122.0864238851874 37.40430367138374
-122.0864322001237 37.40427459798637
-122.0864398817858 37.40424631544077
-122.0864471660369 37.40421171733049
-122.0864538684197 37.40418698159193
-122.086461223935 37.4041622406785
-122.0864690267043 37.40413491390166
-122.0864733209889 37.40410984972983
-122.08648289531 37.40408178084858
-122.0864880533502 37.40405495872413
-122.0864918276459 37.40403593690082
-122.0864986278802 37.40401821584183
-122.0865021762376 37.40399746863089
-122.0865065158158 37.40397655484976
-122.0865018023115 37.40395642058159
-122.0864837076611 37.40393949197218
-122.0864636102847 37.40392551953545
-122.0864417033516 37.40391214479395
-122.086414079696 37.4039021846693
-122.0863874029771 37.40389988904217
-122.0863473105033 37.40389227200367
-122.0863201607258 37.40388883949193
-122.0862764820718 37.40388202751629
-122.0862381011394 37.40387406553246
-122.0861952024194 37.40386404335565
-122.086160574701 37.40386228618768
-122.0861248765533 37.4038571279893
-122.0860906861202 37.40384918393433
-122.086058325551 37.40384439920498
-122.0860265137157 37.40383437646698
-122.0859841216517 37.40382240177171
-122.0859451777135 37.40381052035838
-122.0859074073217 37.40379729040679
-122.0858638746452 37.40378248486977
-122.0858238891872 37.40376707230452
-122.0857800252822 37.40374461617927
-122.0857416553333 37.40372507103947
-122.0857006519139 37.40370299732513
-122.0856678840238 37.40368049884999
-122.0856356526322 37.40366073560463
-122.0856069144418 37.40363827223462
-122.085563713782 37.40360691541602
-122.0855294399854 37.4035784970668
-122.0854956540866 37.4035489806258
-122.0854661481685 37.40352520057368
-122.0854381013294 37.40350386400884
-122.0854136967105 37.4034816617043
-122.0853865267121 37.40345751341656
-122.0853523011244 37.40342899005378
-122.0853226718089 37.40340505611397
-122.0852979886165 37.40338223937367
-122.0852689878341 37.40335723362998
-122.0852422052748 37.40333223010837
-122.0852140154259 37.40330433728816
-122.0851923423637 37.40328536559753
-122.085166221176 37.40326162654833
-122.0851359885978 37.40323589458006
-122.085105544609 37.40321281983222
-122.0850731878338 37.40318437462174
-122.0850411469663 37.40315781110111
-122.0850129041521 37.40313276898738
-122.0849854512207 37.40310992090142
-122.0849576297703 37.40308668905963
-122.084930064751 37.40306424522751
-122.0848963210247 37.40303874774003
-122.0848671965434 37.40301417048248
-122.0848400964231 37.40299460969555
-122.0848066889339 37.40297067974878
-122.0847733223385 37.40294913798584
-122.0847377234939 37.4029285819853
-122.0847021966937 37.40290861501027
-122.0846668956876 37.40288952495897
-122.0846342332813 37.40287090790434
-122.0846001318765 37.40285384965961
-122.0845587013469 37.40283597919213
-122.0845086410151 37.402817380374
-122.0844681742314 37.40280428883682
-122.084423955573 37.40279457908218
-122.0843825906966 37.40278510500224
-122.0843422821122 37.40277881152577
-122.0842912728626 37.40277137722292
-122.0842436829546 37.40276246358024
-122.0842033074074 37.40275507936447
-122.0841566909065 37.40274875904073
-122.0841145313025 37.40274394051949
-122.0840661473098 37.40273624045101
-122.0840202985265 37.4027315134925
-122.0839747374973 37.40272431762812
-122.0839351570573 37.40272072023284
-122.0838955791739 37.4027138418143
-122.0838582032216 37.40271294953746
-122.0838184271615 37.40270835270607
-122.0837765898907 37.40270369987682
-122.0837343178893 37.40270130210813
-122.0836906746808 37.4026972456636
-122.0836522915108 37.40269539547656
-122.0836040919602 37.40269111911056
-122.0835596889137 37.40268644133356
-122.0835241634929 37.40268153176005
-122.0834893760925 37.40267930183584
-122.0834467941088 37.40267319404584
-122.0833990510299 37.40266819326446
-122.0833473440478 37.40267207851748
-122.0833083608459 37.40268200039509
-122.0832695036902 37.40270759784564
-122.0832454158819 37.40272898546339
-122.0832213572252 37.40277144670514
-122.0832142067137 37.40281504777632
-122.0832098316709 37.40285496110884
-122.0832013245732 37.40289539911025
-122.083194477864 37.40293173672799
-122.0831911158583 37.40295225850669
-122.0831880390412 37.40297452215605
-122.0831826980571 37.40299366150919
-122.0831763142518 37.40302500697341
-122.0831708464165 37.40304840750741
-122.0831669737842 37.40307864768418
-122.0831614171932 37.40310401208304
-122.0831561229047 37.40313503274522
-122.0831527278015 37.40316027175646
-122.0831485395177 37.40318536629882
-122.083142193529 37.40321245690721
-122.0831354802719 37.40323605742807
-122.0831313404155 37.4032600195419
-122.0831230046499 37.40328925433403
-122.0831106903697 37.40331927722868
-122.0831091784267 37.40334379848694
-122.0831032736738 37.40336472571285
-122.0830980551285 37.40338767382609
-122.0830893153515 37.40341384678803
-122.0830829855664 37.40343623498476
-122.0830760687387 37.40345707178549
-122.0830680704244 37.40348156752208
-122.0830592363085 37.40350204500874
-122.0830539437704 37.40352648842351
-122.0830457187039 37.40355586948253
-122.0830347142282 37.40358561322058
-122.0830227270124 37.40362852790695
-122.083013780881 37.40366398712512
-122.0830047029659 37.40370069779495
-122.0829944653713 37.40373677262122
-122.0829836111275 37.40376969527408
-122.0829750634703 37.40379744357029
-122.0829672422207 37.40382441659332
-122.0829595038339 37.40385464326948
-122.0829500623164 37.40388361790701
-122.082944907213 37.40391564638009
-122.0829383995637 37.40394002087123
-122.0829287712742 37.40396457766514
-122.0829238230788 37.40399110150948
-122.0829158999041 37.40402017290861
-122.0829026195571 37.40404920693744
-122.0828946756212 37.40408022244863
-122.0828829709804 37.40411069017558
-122.0828801881414 37.40413779335706
-122.0828697829498 37.40417054255285
-122.0828614964935 37.40419893410895
-122.0828508689858 37.40423152727322
-122.0828421092368 37.40426433187012
-122.0828319171221 37.40429187213741
-122.0828236565194 37.40431745160009
-122.082814876767 37.4043538870419
-122.0828041969732 37.40438145829781
-122.0827997845468 37.40441185271445
-122.0827933205059 37.40443848773373
-122.082786961256 37.40447599707792
-122.0827789007691 37.40450773048752
-122.0827696025422 37.40453919103186
-122.0827592335586 37.40457147750097
-122.0827531770412 37.40460026930845
-122.082747859989 37.40462378559013
-122.0827395250288 37.40465665899367
-122.0827383863317 37.40467945977471
-122.0827470017513 37.40469972748365
-122.0827320304565 37.4047356684954
-122.0827259608376 37.40476028710408
-122.0827169511863 37.40478921749625
-122.0827102615255 37.4048113603224
-122.0826968220083 37.40484425418817
-122.082690161414 37.40487791003896
-122.0826813502389 37.40491413977067
-122.0826727992007 37.40494330852929
-122.0826643645151 37.40497294719056
-122.0826561350814 37.4050036324081
-122.0826473334805 37.40503184339652
-122.0826379986043 37.40506184696353
-122.0826317199941 37.40509294247492
-122.0826226714196 37.40512365360281
-122.0826140435907 37.40515044068825
-122.0826062514664 37.40517363756923
-122.0825960689263 37.40520643042861
-122.0825912863162 37.40522984507133
-122.082578954159 37.40526244854084
-122.0825665487178 37.40529664394911
-122.0825596589422 37.40532640988295
-122.0825521494483 37.40536112684792
-122.0825506745683 37.4053923039796
-122.0825529435538 37.4054220856984
-122.0825560442164 37.40544516658937
-122.0825657407279 37.40547000733503
-122.082584587554 37.40549303770761
-122.0826075407836 37.40551742484354
-122.0826285266374 37.40552636332927
-122.0826494554759 37.40553360771828
-122.0826761161976 37.40553999339519
-122.0826947196268 37.40554606357859
-122.0827188187777 37.40555026380851
-122.0827432394396 37.4055564768263
-122.0827720157248 37.40556594936601
-122.0827925871517 37.40557078612154
-122.0828236895421 37.40557550802558
-122.0828468659557 37.40558053183194
-122.0828740244576 37.40558490920277
-122.0829028545304 37.40559064204276
-122.082931772985 37.40559541080138
-122.0829649971557 37.40560348190356
-122.0829908122513 37.40560777693118
-122.0830179693112 37.4056138636913
-122.0830454433103 37.40561955796194
-122.0830882128679 37.40562629973627
-122.0831186892158 37.40563251750496
-122.0831556302907 37.40563860720713
-122.0831841044482 37.4056448188163
-122.0832167922229 37.40565101559224
