-122.0832531777862 37.40556015078132
-122.083270056563 37.40549578519555
-122.0832918099302 37.40541804298596
-122.0833121264321 37.40534647344822
-122.0833302111672 37.40528266930491
-122.0833441421359 37.40523330265459
-122.0833605594206 37.40522151967473
-122.0833853898085 37.40513056571168
-122.0833766197589 37.40511546541818
-122.0833870749805 37.40507866669874
-122.083320498455 37.40506677480953
-122.0833333142313 37.40501834135492
-122.0831606138248 37.40498657510648
-122.0831562547361 37.405003936855
-122.0831542297714 37.4050135699034
-122.0831491713016 37.40502141995164
-122.0831432793783 37.40502884779703
-122.0831378660407 37.40503398306709
-122.0831297572441 37.40503939418993
-122.0831240556171 37.40504211658889
-122.0831160575492 37.40504431592154
-122.083106616545 37.40504529115345
-122.0830965317639 37.40504552809167
-122.083085659651 37.40504377051756
-122.0830241863463 37.40503215781985
-122.0830046925759 37.40510543239255
-122.0830507112452 37.40511425654972
-122.0830571796133 37.40511515780165
-122.0830615526354 37.40511827113083
-122.0830641100515 37.40512224558319
-122.083064535184 37.40512659591707
-122.0830640116857 37.40513218671804
-122.0830579190205 37.40515289362542
-122.0830547298521 37.40515767859522
-122.0830496892718 37.40516109557296
-122.0830439073434 37.40516200560816
-122.0830373217463 37.40516206737263
-122.0829925174187 37.40515437843253
-122.0829742694335 37.40521892975155
-122.0829328740371 37.40536457416422
-122.0829264382531 37.40538855214368
-122.0829789964588 37.40540329289498
-122.0829836349237 37.40540698053835
-122.0829829447393 37.40541436844337
-122.0829566009268 37.40550679833157
-122.0830460569941 37.40552315103103
-122.0830683735127 37.40544069331845
-122.0830714543588 37.40543466057245
-122.0830748697014 37.40543146642893
-122.0830805696362 37.40542941035225
-122.0830866972088 37.40542912439864
-122.0830926814241 37.40542999161601
-122.0831804995316 37.40544616646632
-122.083185660608 37.40544897101348
-122.0831882875592 37.40545275892964
-122.0831896759538 37.40545851505104
-122.0831878932708 37.40546553677307
-122.0831658294642 37.40554458846997
-122.0831092639833 37.40553541487763
-122.0831396331592 37.40543261423882
-122.0831751733411 37.40531765999984
-122.0832072289131 37.40519704845283
-122.0832318241766 37.40520141086829
-122.0832397146427 37.40520369132101
-122.0832477125362 37.40520466056348
-122.0832548909 37.40520344210107
-122.0832604491327 37.40520046432015
-122.083264154997 37.40519489911936
-122.0832742447028 37.40515980635823
-122.0832743951272 37.4051515056503
-122.0832737919589 37.4051459242745
-122.0832713966895 37.40514088148589
-122.0832668241471 37.4051356127875
-122.0832615793812 37.40513157149847
-122.0832543542813 37.40512747151897
-122.0832382158549 37.40512395568661
-122.0832145259956 37.4051196538572
-122.0831979298178 37.40511790673563
-122.0831863221452 37.40511884290915
-122.0831773781606 37.40512175960919
-122.0831707216504 37.40512471611186
-122.0831646553055 37.40512871143419
-122.0831593748937 37.40513314965079
-122.0831531547395 37.40514070148531
-122.0831489037516 37.4051492157804
-122.0831421750366 37.40517161414291
-122.0831422297579 37.40517731604641
-122.0831444684326 37.4051821377219
-122.0831493202536 37.40518566268381
-122.0831565083183 37.40518861335877
-122.0831652215861 37.40518989465839
-122.0831859478167 37.40519346603707
-122.0832058296064 37.40519684048354
-122.0831804640687 37.40529324119353
-122.0831732999665 37.40529220384725
-122.0831572246413 37.40535198254541
-122.0831079334568 37.40534370345758
-122.0831003613468 37.40533676803668
-122.0831099820071 37.40529308339577
-122.0831148657165 37.40528640463745
-122.0831245457681 37.40528486890862
-122.0831721033673 37.40529251671404
