-122.3400155010521 37.53189629441878
-122.3399952669628 37.53188225807539
-122.3399749332518 37.53186679960931
-122.3399555089385 37.53185196214506
-122.3399368628979 37.53183634712637
-122.3399150686951 37.53182058694787
-122.339900566135 37.53181033030356
-122.3398882200303 37.53181121902725
-122.3398754540923 37.53181962165404
-122.3398656368087 37.53183057934564
-122.3398655918516 37.53184153164633
-122.3398727332653 37.53184948864267
-122.3399750437238 37.53192755791981
-122.3399968545813 37.53194457565289
-122.3400094334016 37.53195033198172
-122.3400256878776 37.53194951781495
-122.3400384294744 37.53194444132927
-122.3400463041063 37.53193482160673
-122.3400422906059 37.53192248071954
-122.3400359355742 37.53191310287405
-122.3400245885464 37.53190232691598
