565060.949746407 4144539.1955002104
565059.3439821335 4144538.550603942
565057.73821786 4144537.905707673
565056.1324535866 4144537.2608114043
565054.5266893131 4144536.6159151355
565052.9209250396 4144535.9710188666
565051.3151607661 4144535.326122598
565049.7093964927 4144534.681226329
565048.1036322191 4144534.03633006
565045.4266057252 4144533.144096578
565042.7495792313 4144532.251863096
565040.0725527373 4144531.359629614
565037.3955262433 4144530.4673961317
565035.585169951 4144529.947574321
565033.7748136586 4144529.4277525106
565031.9644573661 4144528.9079307
565030.1541010739 4144528.3881088896
565028.3437447816 4144527.868287079
565026.5333884892 4144527.3484652685
565024.7230321968 4144526.828643458
565022.9126759045 4144526.3088216474
565020.5796574329 4144525.7620912646
565018.2466389611 4144525.2153608818
565015.9136204895 4144524.668630499
565013.5806020179 4144524.121900116
565011.2475835463 4144523.5751697333
565008.9145650747 4144523.0284393504
565006.581546603 4144522.481708968
565004.2485281314 4144521.934978585
565002.6855385485 4144521.658235398
565001.1225489655 4144521.3814922115
564999.5595593825 4144521.1047490244
564997.9965697995 4144520.8280058373
564996.4335802165 4144520.5512626506
564994.8705906335 4144520.2745194635
564993.3076010505 4144519.9977762764
564991.7446114675 4144519.72103309
564990.1816218845 4144519.4442899027
564988.6186323015 4144519.1675467156
564987.0556427184 4144518.890803529
564985.4926531354 4144518.614060342
564983.9296635524 4144518.3373171547
564982.3666739694 4144518.060573968
564980.8036843864 4144517.783830781
564979.2406948034 4144517.507087594
