565009.059249718 4144522.0987088378
565006.2854334221 4144521.497994721
565003.5116171262 4144520.8972806036
565000.7378008303 4144520.2965664864
564997.9639845343 4144519.6958523695
564996.0719657189 4144519.2736186795
564994.1799469035 4144518.85138499
564992.2879280881 4144518.4291513
564990.3959092727 4144518.00691761
564988.507003843 4144517.2632021965
564986.6180984132 4144516.519486783
564984.8372767655 4144515.048089803
564984.4933495892 4144512.8137885984
564984.5094544021 4144510.7099692747
564984.525559215 4144508.606149951
564984.9771529841 4144505.941968636
564985.4287467533 4144503.2777873212
564986.2975289067 4144501.532863544
564988.6855521621 4144499.9624857153
564990.2236041289 4144499.66328576
564991.7616560956 4144499.364085805
564993.8733473294 4144499.810558956
564995.9850385634 4144500.257032107
564998.1194825295 4144500.681265134
565000.2539264956 4144501.1054981607
565002.3883704618 4144501.5297311875
565004.5228144279 4144501.9539642143
565006.5724967024 4144502.391900804
565008.6221789769 4144502.829837393
565010.6718612514 4144503.267773982
565012.7215435258 4144503.7057105717
565014.6958666473 4144504.1620397307
565016.6701897688 4144504.618368889
565018.6445128901 4144505.0746980477
565020.6188360116 4144505.5310272067
565021.9704489158 4144506.264224979
565023.32206182 4144506.997422751
565024.5144933308 4144509.3869631095
565024.551704074 4144511.838710809
565023.9919241018 4144513.9051453993
565023.4321441296 4144515.97157999
565022.8768001413 4144517.849088911
565022.3214561528 4144519.7265978316
565021.0663966981 4144522.159510806
565019.2797415793 4144523.1169607732
565017.0080885225 4144523.482941112
565014.2843393474 4144523.2565877233
565011.70084226 4144522.739857288
565009.059249718 4144522.0987088378
