548465.259653981 4179775.952865581
548461.1220509025 4179775.341885502
548456.0329990949 4179774.367743786
548451.8600691137 4179773.8899985277
548446.0922194638 4179773.656607163
548437.0649572416 4179772.0331245684
548430.0291047065 4179770.7315384126
548425.5275501378 4179769.885781568
548420.850562251 4179768.7401549006
548416.801800314 4179768.2245441615
548413.2976775902 4179767.494311845
548408.8083145365 4179766.9173453487
548405.1834353342 4179766.1734196106
548400.5199017974 4179765.231282413
548397.2840593756 4179764.7719245483
548391.9120579041 4179763.8317660918
548384.9768417795 4179762.783461929
548378.8678256371 4179761.787757753
548372.598470797 4179760.8282990735
548366.8535808156 4179760.1069394215
