611360.451200308 4049795.7924685334
611359.0262491142 4049793.8449078556
611357.6012979203 4049791.8973471774
611356.1763467265 4049789.949786499
611354.7513955327 4049788.0022258214
611353.326444339 4049786.0546651436
611351.9014931452 4049784.1071044654
611350.4765419513 4049782.159543787
611349.0515907574 4049780.2119831094
611347.6266395636 4049778.2644224316
611346.2016883697 4049776.3168617534
611344.7767371759 4049774.369301075
611343.3517859821 4049772.4217403973
611341.9268347884 4049770.4741797196
611340.5018835946 4049768.5266190413
611339.0769324007 4049766.579058363
611337.6519812068 4049764.6314976853
611336.5058368733 4049763.0862411913
611335.3596925399 4049761.5409846967
611334.2135482065 4049759.995728202
611333.067403873 4049758.4504717076
611331.9212595394 4049756.905215213
611330.7751152059 4049755.3599587185
611329.6289708724 4049753.814702224
611328.482826539 4049752.26944573
611327.3366822056 4049750.724189236
611326.190537872 4049749.1789327413
611325.0443935385 4049747.6336762467
611323.898249205 4049746.088419752
611322.7521048714 4049744.5431632577
611321.605960538 4049742.997906763
611320.4598162046 4049741.4526502686
611319.3136718711 4049739.9073937745
611318.0364700712 4049738.1494500553
611316.7592682712 4049736.3915063357
611315.4820664711 4049734.633562616
611314.2048646712 4049732.8756188964
611312.9276628712 4049731.117675177
611311.6504610712 4049729.359731457
611310.3732592713 4049727.6017877376
611309.0960574712 4049725.8438440184
611311.0068587482 4049724.4523502886
611312.9176600252 4049723.0608565593
611314.8284613021 4049721.6693628295
611316.739262579 4049720.2778690998
611318.6500638559 4049718.8863753704
611320.5608651328 4049717.4948816407
611322.4716664098 4049716.103387911
611324.3824676867 4049714.7118941816
611326.2932689636 4049713.3204004522
611328.2040702405 4049711.9289067225
611330.1148715174 4049710.5374129927
611332.0256727943 4049709.1459192634
611333.9364740712 4049707.7544255336
611335.8472753481 4049706.362931804
611337.7580766251 4049704.9714380745
611339.668877902 4049703.5799443447
611340.9180990622 4049702.6775740767
611342.1673202224 4049701.775203809
611343.4165413826 4049700.8728335416
611344.6657625427 4049699.970463274
611345.9149837029 4049699.0680930065
611347.1642048631 4049698.1657227385
611348.4134260233 4049697.2633524705
611349.6626471835 4049696.360982203
611350.9118683437 4049695.4586119354
611352.1610895039 4049694.5562416674
611353.4103106641 4049693.6538713994
611354.6595318243 4049692.751501132
611355.9087529845 4049691.8491308643
611357.1579741447 4049690.9467605967
611358.4071953049 4049690.044390329
611359.6564164651 4049689.142020061
611360.9056376253 4049688.239649793
611362.1548587854 4049687.3372795256
611363.4040799456 4049686.434909258
611364.6533011058 4049685.5325389905
611365.902522266 4049684.630168723
611367.1517434262 4049683.727798455
611368.4009645864 4049682.825428187
611369.6501857466 4049681.9230579194
611370.8994069068 4049681.020687652
611372.148628067 4049680.118317384
611373.3978492272 4049679.215947116
611374.6470703874 4049678.3135768482
611375.8962915476 4049677.4112065807
611377.1455127078 4049676.508836313
611378.3947338678 4049675.6064660456
611379.643955028 4049674.7040957776
