611232.0811957187 4049714.4859072855
611209.2749905365 4049680.25084901
611201.236504692 4049663.690163632
611201.2948715728 4049663.5662187478
611181.8116525683 4049616.9827841604
611167.4362523757 4049583.4605698874
611158.7660672055 4049564.0089508886
611151.2182131358 4049546.5813373597
611145.2929857314 4049532.104192767
611141.4654236005 4049519.767888407
611137.3701988951 4049502.616187995
611135.7240475551 4049491.690709637
611135.2598302925 4049464.939683919
611135.2824351774 4049448.034617171
611136.6073561603 4049397.972543239
611138.3299645947 4049365.8697731327
611140.8557100508 4049314.9015063285
611142.6297821715 4049301.929475473
611143.974163328 4049297.765199341
611146.7575564794 4049293.402360469
611149.981385792 4049289.276551716
611154.1522181116 4049286.019499532
611161.3437784503 4049283.0339608546
611168.1861626703 4049282.8716586498
611189.0046506186 4049287.0303873615
611193.1760566037 4049288.4834305835
611198.8936631768 4049292.126814331
611201.8490704887 4049295.348367392
611204.5472418235 4049300.279401667
611206.5758583836 4049305.675939106
611207.6373824292 4049311.2084674737
611207.1716247831 4049316.2986296644
611205.3503321977 4049322.298536492
611199.7042668111 4049337.063498996
611195.9296423842 4049348.1004994493
611190.1343666149 4049370.304606977
611187.3400840707 4049384.051571918
611185.1442998603 4049401.6060797633
611183.949462167 4049417.9601964913
611183.4823778449 4049438.0978912613
611184.5282426686 4049453.963134049
611187.3391514972 4049475.421106995
611192.2610892364 4049505.079249248
611193.219447586 4049511.184742844
611194.43396066 4049518.607786214
611196.5932725909 4049525.919445677
611199.152443771 4049531.885372246
611203.0842791172 4049538.5772917983
611206.7864069851 4049542.831726555
611211.1038809201 4049546.9738815194
611215.7712231736 4049550.56047074
611220.2544628117 4049553.013223971
611225.3901061065 4049555.4541282123
611230.1127565628 4049556.73282221
611235.7843631493 4049557.9720653673
611241.4424660653 4049558.5662279706
611247.1131797812 4049558.2083770866
611253.3189089991 4049557.219506421
611260.3291842955 4049555.645086495
611311.1896891274 4049544.3268504394
611353.4115404203 4049534.7858317643
611420.7543197516 4049519.666163434
611442.4427514113 4049515.166355172
611452.597812138 4049511.5068168524
611460.6535905448 4049507.7956830915
611467.2119815763 4049503.2947966405
611473.5595875931 4049497.49148182
611478.6405951929 4049492.2159359558
611483.331151565 4049485.7891964107
611486.4362768976 4049480.1451578224
611489.1435370875 4049473.657415115
611490.8942020072 4049468.157725632
611492.4257249183 4049459.5883717015
611493.0736803062 4049451.8725425745
611493.9168337532 4049443.545853619
611494.8831929843 4049435.1667264653
611498.2525475898 4049396.596869225
611500.0556337544 4049378.2685342706
611501.4077116813 4049365.196022172
611503.3238541697 4049343.5612254315
611504.296484374 4049330.0912684095
611504.6253181581 4049315.342610358
611504.1317548526 4049305.08926897
611503.2341435023 4049294.01773148
611502.5602600134 4049284.1611997113
611501.1120178429 4049273.7010867023
611499.1952191559 4049261.9263949795
611494.6030672322 4049242.061224014
611485.2570055578 4049206.488247222
611476.6570209125 4049176.0557439374
611468.9185938733 4049147.475402347
611457.3503785499 4049104.2759386925
611448.1764979305 4049070.0606439793
611445.1632034081 4049059.975874817
611443.3009595808 4049048.6956530926
611443.6380697208 4049041.74152468
611444.7498755723 4049034.976326429
611448.1054868918 4049026.6169098783
611451.4171808996 4049020.2369926483
611456.5955411037 4049014.487855856
611462.7805977513 4049009.020422039
611467.970400725 4049005.75984197
611473.3162938041 4049003.101512266
611480.6388484226 4049000.773952332
611488.0720784803 4048998.93673227
611502.451887817 4048996.749765436
611512.7725329513 4048996.5273476862
611522.130446767 4048997.0273589175
611532.9135427756 4048998.5124417283
611555.1695029775 4049001.6363134566
611571.6479034484 4049004.5761851436
611586.9225544082 4049007.558693639
611614.7427507155 4049013.1502967253
611650.9094995623 4049020.598426898
611670.6639614555 4049024.1402138653
611715.5554436963 4049031.7067364426
611749.4371037644 4049036.954767717
611767.9737536465 4049040.1743045826
611805.104905349 4049047.338331732
611827.9445642448 4049051.437794767
611833.246737271 4049053.43841756
611836.3813682988 4049055.5079372055
611839.7375967924 4049058.887699398
611841.9730286478 4049063.0356789925
611845.7620851636 4049070.264584762
611850.0575031497 4049079.325664092
611852.9172775187 4049084.863698164
611857.1510352923 4049093.290988959
611864.6464250848 4049108.030338874
611870.3500316263 4049119.492620553
611873.5349123685 4049125.93298562
611875.9451347002 4049131.815053323
611878.346469837 4049137.932683275
611881.5232726733 4049147.8868146664
611883.3522012557 4049154.7071154537
611886.2113815339 4049167.9193311553
611887.8598389871 4049177.4870497813
611889.7418065926 4049188.4137355485
611891.0266662801 4049199.687791905
611892.0843663672 4049211.3627184364
611892.594952196 4049220.8277291977
611892.7995968104 4049230.0643979153
611892.8703922002 4049240.372226435
611892.6966151294 4049249.334080343
611892.6603384431 4049261.648783509
611892.5196527008 4049266.663113255
611892.108113318 4049289.582183224
611892.0758951254 4049305.419877414
611892.7534773413 4049321.879893171
611893.9111170251 4049339.2808452467
611894.3668654272 4049351.239257094
611894.7165022566 4049370.262123576
611894.4056265036 4049387.9827964255
611893.8173989519 4049399.5941145984
611893.2533790916 4049411.289921694
611892.318227366 4049424.0724058882
611891.2610089008 4049435.9037169754
611890.7518403139 4049443.902213433
611890.6383213496 4049453.2071920377
611890.9308711318 4049459.9591741078
611892.1077060939 4049469.864674138
611893.6289331132 4049478.9334524316
611897.1773062672 4049495.108654743
611900.1478210496 4049506.7128993166
611902.9731115638 4049516.691750751
611907.3097603439 4049529.7170430194
611908.4783006697 4049535.0723528746
611908.8177322502 4049539.302449452
611908.6486588859 4049541.5097936643
611907.9450809046 4049544.459336386
611907.1029974445 4049546.6147957575
611905.8211118189 4049548.6748620765
611903.8771026402 4049550.1622161507
611901.7042849915 4049551.23357897
611899.3177812733 4049551.9673335343
611894.3658231781 4049552.4461940276
611888.4273103289 4049552.734504787
611881.7105376417 4049553.2330179946
611877.2362936868 4049554.3268953618
611874.7929453532 4049555.029540534
611872.9805700333 4049555.8018452846
611870.7226287329 4049557.088040843
611868.6062054676 4049558.3665113356
611866.1359412844 4049560.0597797115
611864.2133000948 4049561.9757814743
611862.3419608306 4049563.95416638
611860.8665039975 4049566.097728425
611859.0957093525 4049569.137276141
611857.5713852595 4049572.859353089
611856.4784471183 4049576.864214239
611855.7538826815 4049579.747033372
611854.3700283191 4049587.5812549363
611853.4364879534 4049593.5516555146
611851.9654383532 4049603.438608364
611850.3005308618 4049616.8170441035
611849.5573394889 4049624.4424976674
611849.4177100051 4049627.701482297
611849.2754857412 4049635.631122679
611849.4551598233 4049644.472027306
611850.1673638619 4049652.5715427566
611851.087584486 4049658.0007393197
611852.1778086518 4049666.7074833824
611852.4149224695 4049671.69171483
611852.6714574533 4049677.1674601403
611852.5312597639 4049683.1297004363
611851.8389476588 4049690.6115813702
611850.9376433596 4049697.457823858
611849.60678746 4049705.1444068737
611847.9045364975 4049713.218940667
611846.1205618231 4049720.1581074684
611844.0047036973 4049727.295205275
611842.1409084699 4049732.0560556445
611839.7776024366 4049737.1228872123
611837.0800547358 4049741.729685515
611833.6680871071 4049746.7029269296
611828.1893625169 4049752.9786505653
611822.444724476 4049759.0243304516
611816.7886585345 4049764.0918111554
611812.5401530691 4049767.5749837155
611808.0916690637 4049770.214366693
611801.4445117069 4049773.0882594027
611795.5632292917 4049774.802129763
611791.2774065378 4049775.562926449
611786.8861271107 4049775.883168343
611782.487666735 4049775.8234537183
611777.8676299889 4049775.212098377
611771.4059339225 4049773.7585947085
611760.3721928813 4049770.972911265
611744.9816153853 4049766.380261801
611734.0990492378 4049763.2175005586
611721.366538302 4049759.094483211
611710.5431922257 4049755.777097046
611669.8039509843 4049742.8097501406
611632.7455672373 4049730.9003985506
611614.5071609688 4049725.189762238
611599.6142185013 4049720.2201128136
611590.4499380521 4049717.7597515606
611583.2053164737 4049716.9386397875
611576.6557318764 4049717.0139105837
611567.6243156095 4049718.6621285593
611560.2005859984 4049721.373678068
611554.108655808 4049724.6098166015
611547.5723175702 4049729.4482784257
611541.5783969188 4049735.6464742566
611533.3026760727 4049748.9198406166
611509.3683286333 4049792.721640778
611486.9083350656 4049833.755391668
611469.5440252601 4049865.5650998247
611452.3648980318 4049897.3312742333
611424.7610275868 4049948.203691376
611419.9882162582 4049956.5842478652
611417.9887289878 4049958.688531897
611416.1709766497 4049959.996123699
611413.7980508186 4049960.6250824993
611411.7331265027 4049960.844754306
611409.5188439997 4049960.4346223823
611406.7004289281 4049959.1721789665
611404.2105284801 4049956.2885337225
611401.4711015905 4049953.2172862287
611398.8197974671 4049948.6333754994
611396.8446999793 4049942.402899651
611394.9299838056 4049938.043625117
611392.2724571538 4049933.8853559233
611379.2110342416 4049915.930822817
611366.6491268848 4049898.401374811
611340.2577611688 4049862.3850001963
611309.8605713985 4049820.867730603
611276.3231269217 4049776.254437742
611232.7428653372 4049715.5457757465
