611230.4839835608 4049721.3531309017
611220.9146612196 4049708.11125722
611210.726479848 4049692.5408250904
611203.2996909751 4049678.5651609395
611196.9530754378 4049664.3363076365
611182.2960764102 4049632.2360083465
611161.8557546942 4049583.8119243686
611144.655116852 4049543.40228282
611137.8181128718 4049525.4529800853
611135.4427175754 4049516.739461586
611133.320271661 4049506.5925329584
611131.2829157994 4049492.0025698734
611130.8753728031 4049488.193269159
611130.7308707256 4049486.308638046
611130.5331257086 4049484.64114204
611130.0746102534 4049479.5581726492
611129.4901027043 4049471.7244362487
611130.7482682882 4049408.6437604357
611133.3410674295 4049349.033070328
611134.942388922 4049316.7772665024
611137.6562482466 4049299.831121682
611143.1174682027 4049289.8882865687
611151.9651700574 4049282.0800015368
611163.4013593012 4049278.065481747
611173.7203869498 4049277.66439908
611187.2531666306 4049278.773190737
611197.7600634812 4049283.5484318538
611204.8742148277 4049289.8400446274
611210.8527412632 4049299.370001346
611212.7463964823 4049310.578797884
611211.1144241933 4049322.0055883913
611206.8631400546 4049332.9674510136
611200.3152499907 4049351.950651467
611192.7792181021 4049386.8731880635
611189.7650355495 4049421.521010083
611191.2872062676 4049461.7761723828
611201.7506927219 4049521.62846797
611207.6260857026 4049533.5142051997
611214.819907189 4049541.5491809584
611219.0818713385 4049545.2601784705
611224.539826165 4049547.5964830075
611238.9533227435 4049551.7101412043
611256.0035064106 4049549.3936341875
611260.7371383978 4049548.5438137664
611267.1859974217 4049546.9350185436
611276.6802634599 4049544.841994203
611278.5299238993 4049544.4157335674
611280.631573701 4049543.929344477
611287.4364992619 4049542.381613873
611296.0109107273 4049540.4411103944
611299.1495947748 4049539.770544323
611303.1235531387 4049538.823097438
611308.8276401559 4049537.6644927533
611312.5620117728 4049536.7759685675
611317.0120436179 4049535.813688695
611323.1587619928 4049534.528625051
611327.5144937016 4049533.613696341
611332.0354412278 4049532.6926951394
611336.0030594167 4049531.7768503437
611340.1348972083 4049530.92940239
611345.6177688855 4049529.8588290177
611350.4287117166 4049528.84094471
611354.1534326846 4049528.099829518
611367.1818834275 4049525.0909123207
611373.2576494563 4049524.054609454
611381.5471707063 4049522.347548959
611438.0780040823 4049509.391670555
611452.6099286849 4049504.3392615607
611461.5491165166 4049499.458883569
611466.7454924256 4049495.19200572
611471.2816309404 4049490.809819997
611474.2358238674 4049487.454181072
611477.308612593 4049482.7431924185
611480.3160090247 4049477.6969275894
611482.913438177 4049472.079159133
611484.3118298597 4049466.349881331
611485.8633758001 4049456.6717562885
611487.481054671 4049445.452139234
611490.2548883267 4049421.487282781
611492.9084644276 4049398.3881288585
611497.7262510697 4049341.839951958
611499.046136105 4049318.3122265507
611497.5896802372 4049293.865800079
611495.656434782 4049270.73756641
611491.8818855041 4049253.161069657
611487.014884915 4049235.436770371
611481.1396020331 4049214.451270342
611477.1317052842 4049201.53118158
611452.5043277068 4049109.0918108886
611438.5288016401 4049054.6574753923
611437.5890538166 4049046.696512835
611437.8000117566 4049039.8977755914
611439.2328722539 4049033.3890664987
611441.8961552611 4049026.864214366
611446.0485002892 4049019.4868850773
611450.4481673975 4049012.808638371
611458.4575581168 4049004.504230977
611469.8220188554 4048997.5453789798
611484.8606151396 4048993.2961986787
611496.123797727 4048991.453395069
611506.789463414 4048990.7823088304
611520.347865884 4048991.4738347866
611534.8029022111 4048992.7574006664
611562.7983906174 4048997.3065867135
611625.5810992528 4049010.4443215267
611672.8174094406 4049019.7703784253
611725.2114569996 4049028.799985059
611822.7254063997 4049045.259337677
611829.8605119807 4049047.0440840796
611835.6596981985 4049050.2031325186
611841.5363291362 4049054.825376283
611845.1727583131 4049060.225122014
611876.0511510719 4049119.763216239
611882.520476097 4049135.9994299635
611887.9166374196 4049155.2807584144
611891.5113020517 4049173.3703835746
611896.0731911806 4049204.0273586744
611897.4389632805 4049225.4209949602
611896.7481929928 4049278.0438393643
611896.5268669721 4049302.476491967
611898.964311749 4049349.798096348
611898.8879824716 4049400.2921133838
611895.7867765933 4049438.1966029955
611895.7763809077 4049460.3257889193
611897.2049879754 4049472.0817115884
611900.5149004953 4049487.418189634
611908.2697591623 4049514.6906934395
611912.2085001471 4049525.226041463
611913.8473596498 4049531.194850153
611914.2463348255 4049537.9458700223
611913.7149989733 4049543.7862416157
611911.9908014679 4049547.603157792
611909.4368508125 4049550.709969869
611906.3619487521 4049553.416835819
611903.168803111 4049554.7910987167
611899.3162175011 4049555.845189698
611892.4424236291 4049557.0149960076
611886.2672234011 4049557.703659301
611881.6643994255 4049558.7257549013
611876.6231824369 4049560.3122311626
611871.1947394084 4049563.4950761534
611867.3557259259 4049567.1940918416
611864.3363599774 4049571.8745796755
611862.4135900574 4049577.5838613235
611859.9909267134 4049587.7732496676
611858.4580530936 4049599.51326044
611857.0537710754 4049612.206788273
611855.8652787694 4049623.975480917
611855.7596460534 4049639.5355611853
611856.6686942333 4049652.623664663
611856.9146678351 4049655.6863126573
611859.1765039688 4049675.734703307
611857.9938145779 4049688.695898641
611855.9023100312 4049703.2237336407
611852.6998075899 4049716.464203001
611849.7878318136 4049727.303188279
611845.9363607136 4049736.550780107
611840.882655525 4049745.244615229
611833.4027939001 4049755.317151366
611826.4015150402 4049762.6265013414
611818.3663578429 4049769.466040212
611809.658595503 4049774.941844397
611799.2015513252 4049778.716587546
611787.8529242451 4049780.425119695
611776.9456352827 4049779.8517825943
611766.7431932093 4049778.268942302
611757.1052061483 4049775.590990574
611721.1140466103 4049765.1921893256
611680.1451698312 4049752.469479212
611611.2444764071 4049729.9835580722
611591.5869976531 4049724.2314292165
611584.0798457711 4049723.4519309322
611576.755083042 4049723.519336594
611570.3682663359 4049724.8426764347
611564.6281241972 4049726.6854491527
611558.6525064523 4049729.7856167266
611554.3753115658 4049732.733657533
611549.8131453671 4049736.4173642616
611545.6303331561 4049741.1181538384
611541.1537972189 4049747.645274085
611522.1926784348 4049783.051491734
611488.5528633841 4049845.534134442
611472.5509221916 4049873.5018720585
611458.8440183633 4049898.161499903
611446.2507775788 4049921.1716113295
611432.9672118307 4049945.677336188
611429.1037713538 4049952.300733075
611425.986807426 4049956.999555543
611423.1713938654 4049960.930221735
611421.0406880877 4049962.743733194
611418.3962656796 4049964.226329505
611415.0726474473 4049965.105018717
611412.1123769786 4049965.111740816
611409.4794429983 4049964.6664375938
611405.8355427554 4049963.6990660927
611402.3481469502 4049961.768280002
611398.9421841757 4049957.7591623934
611393.9363768913 4049950.701640275
611388.6174911107 4049943.0806365823
611373.7660317499 4049921.2462307257
611341.5811749441 4049875.7366589485
611321.0979029712 4049846.8612365774
611279.9397703677 4049789.376209036
611251.4029479901 4049750.0693889293
611234.3737208617 4049727.5212367713
611221.7680462279 4049711.555644855
611219.046871506 4049708.3084072415
611215.1478229912 4049703.3486399935
