611230.4839835608 4049721.3531309017
611229.2878182682 4049719.6978966915
611228.0916529754 4049718.0426624813
611226.8954876828 4049716.387428271
611225.6993223901 4049714.732194061
611224.5031570975 4049713.0769598507
611223.3069918049 4049711.4217256405
611222.1108265122 4049709.7664914303
611220.9146612196 4049708.11125722
611219.6411385481 4049706.164953204
611218.3676158767 4049704.218649188
611217.0940932053 4049702.272345172
611215.8205705339 4049700.3260411555
611214.5470478624 4049698.379737139
611213.273525191 4049696.433433123
611212.0000025195 4049694.4871291067
611210.726479848 4049692.5408250904
611209.7981312389 4049690.7938670716
611208.8697826299 4049689.046909053
611207.9414340208 4049687.2999510337
611207.0130854116 4049685.552993015
611206.0847368025 4049683.806034996
611205.1563881934 4049682.059076977
611204.2280395842 4049680.312118958
611203.2996909751 4049678.5651609395
611202.506364033 4049676.7865542765
611201.7130370908 4049675.0079476135
611200.9197101486 4049673.229340951
611200.1263832065 4049671.450734288
611199.3330562643 4049669.672127625
611198.5397293221 4049667.8935209624
611197.7464023799 4049666.1149142995
611196.9530754378 4049664.3363076365
611196.0370129986 4049662.3300389308
611195.1209505594 4049660.323770225
611194.2048881202 4049658.31750152
611193.288825681 4049656.311232814
611192.3727632418 4049654.3049641084
611191.4567008025 4049652.298695403
611190.5406383632 4049650.2924266974
611189.624575924 4049648.2861579917
611188.7085134848 4049646.279889286
611187.7924510455 4049644.2736205803
611186.8763886063 4049642.2673518746
611185.960326167 4049640.261083169
611185.0442637278 4049638.254814463
611184.1282012886 4049636.2485457575
611183.2121388494 4049634.2422770523
611182.2960764102 4049632.2360083465
611181.6573163567 4049630.7227557222
611181.018556303 4049629.209503098
611180.3797962493 4049627.6962504736
611179.7410361958 4049626.1829978493
611179.1022761421 4049624.669745225
611178.4635160884 4049623.1564926007
611177.8247560349 4049621.6432399764
611177.1859959812 4049620.129987352
611176.5472359275 4049618.6167347278
611175.908475874 4049617.1034821034
611175.2697158203 4049615.590229479
611174.6309557667 4049614.076976855
611173.9921957131 4049612.5637242305
611173.3534356594 4049611.050471606
611172.7146756058 4049609.537218982
611172.0759155522 4049608.0239663576
611171.4371554987 4049606.5107137333
611170.798395445 4049604.997461109
611170.1596353913 4049603.4842084846
611169.5208753378 4049601.9709558603
611168.8821152841 4049600.457703236
611168.2433552304 4049598.9444506117
611167.6045951769 4049597.4311979874
611166.9658351232 4049595.917945363
611166.3270750695 4049594.404692739
611165.688315016 4049592.8914401145
611165.0495549623 4049591.37818749
611164.4107949086 4049589.864934866
611163.7720348551 4049588.3516822415
611163.1332748014 4049586.838429617
611162.4945147478 4049585.325176993
611161.8557546942 4049583.8119243686
611160.7807148291 4049581.2863217723
611159.705674964 4049578.7607191755
611158.6306350988 4049576.2351165786
611157.5555952337 4049573.709513982
611156.4805553686 4049571.183911385
611155.4055155034 4049568.658308788
611154.3304756383 4049566.1327061914
611153.2554357732 4049563.6071035946
611152.180395908 4049561.0815009978
611151.1053560429 4049558.555898401
611150.0303161778 4049556.030295804
611148.9552763125 4049553.5046932073
611147.8802364474 4049550.9790906105
611146.8051965823 4049548.4534880137
611145.7301567171 4049545.927885417
611144.655116852 4049543.40228282
611143.8004913544 4049541.1586199785
611142.945865857 4049538.9149571364
611142.0912403595 4049536.6712942943
611141.236614862 4049534.4276314527
611140.3819893645 4049532.183968611
611139.5273638669 4049529.940305769
611138.6727383693 4049527.696642927
611137.8181128718 4049525.4529800853
611137.2242640477 4049523.27460046
611136.6304152235 4049521.0962208356
611136.0365663995 4049518.917841211
611135.4427175754 4049516.739461586
611134.9121060967 4049514.202729429
611134.3814946183 4049511.6659972724
611133.8508831396 4049509.1292651156
611133.320271661 4049506.5925329584
611133.0656021783 4049504.768787573
611132.8109326956 4049502.9450421873
611132.5562632129 4049501.1212968016
611132.3015937302 4049499.297551416
611132.0469242475 4049497.47380603
611131.7922547648 4049495.6500606444
611131.5375852821 4049493.8263152586
611131.2829157994 4049492.0025698734
611131.0791443012 4049490.0979195163
611130.8753728031 4049488.193269159
611130.7308707256 4049486.308638046
611130.5331257086 4049484.64114204
611130.3038679811 4049482.0996573446
611130.0746102534 4049479.5581726492
611129.9284833662 4049477.5997385494
611129.7823564789 4049475.641304449
611129.6362295916 4049473.682870349
611129.4901027043 4049471.7244362487
611129.5294203789 4049469.7531651296
611129.5687380533 4049467.7818940105
611129.6080557278 4049465.8106228914
611129.6473734023 4049463.8393517723
611129.6866910767 4049461.8680806533
611129.7260087512 4049459.896809534
611129.7653264257 4049457.925538415
611129.8046441003 4049455.9542672955
611129.8439617748 4049453.982996176
611129.8832794493 4049452.011725057
611129.9225971238 4049450.040453938
611129.9619147982 4049448.0691828188
611130.0012324727 4049446.0979116997
611130.0405501472 4049444.1266405806
611130.0798678217 4049442.1553694615
611130.1191854962 4049440.1840983424
611130.1585031708 4049438.2128272234
611130.1978208453 4049436.2415561043
611130.2371385198 4049434.270284985
611130.2764561942 4049432.2990138656
611130.3157738687 4049430.327742746
611130.3550915432 4049428.356471627
611130.3944092176 4049426.385200508
611130.4337268922 4049424.413929389
611130.4730445668 4049422.44265827
611130.5123622413 4049420.4713871507
611130.5516799157 4049418.5001160316
611130.5909975902 4049416.5288449125
611130.6303152647 4049414.5575737935
611130.6696329392 4049412.5863026744
611130.7089506136 4049410.6150315553
611130.7482682882 4049408.6437604357
611130.8292932613 4049406.78092637
611130.9103182345 4049404.918092304
611130.9913432077 4049403.055258238
611131.0723681808 4049401.1924241725
611131.153393154 4049399.3295901064
611131.2344181272 4049397.4667560407
611131.3154431004 4049395.603921975
611131.3964680736 4049393.741087909
611131.4774930468 4049391.8782538427
611131.55851802 4049390.015419777
611131.6395429932 4049388.1525857113
611131.7205679662 4049386.289751645
611131.8015929393 4049384.4269175795
611131.8826179125 4049382.564083514
611131.9636428857 4049380.7012494477
611132.0446678589 4049378.838415382
611132.125692832 4049376.9755813163
611132.2067178052 4049375.11274725
611132.2877427784 4049373.2499131844
611132.3687677515 4049371.3870791188
611132.4497927246 4049369.5242450526
611132.5308176978 4049367.661410987
611132.611842671 4049365.798576921
611132.6928676441 4049363.935742855
611132.7738926173 4049362.072908789
611132.8549175905 4049360.210074723
611132.9359425637 4049358.3472406575
611133.0169675369 4049356.4844065914
611133.0979925101 4049354.6215725257
611133.1790174833 4049352.75873846
611133.2600424564 4049350.895904394
611133.3410674295 4049349.033070328
611133.4411500229 4049347.0170825887
611133.5412326162 4049345.00109485
611133.6413152094 4049342.985107111
611133.7413978027 4049340.969119372
611133.841480396 4049338.953131633
611133.9415629893 4049336.9371438934
611134.0416455825 4049334.921156154
611134.1417281758 4049332.905168415
611134.2418107691 4049330.889180676
611134.3418933623 4049328.873192937
611134.4419759556 4049326.857205198
611134.5420585489 4049324.8412174587
611134.6421411422 4049322.8252297193
611134.7422237354 4049320.8092419803
611134.8423063287 4049318.7932542413
611134.942388922 4049316.7772665024
611135.2816213375 4049314.6589984
611135.6208537531 4049312.5407302976
611135.9600861687 4049310.422462195
611136.2993185843 4049308.3041940923
611136.6385509998 4049306.1859259894
611136.9777834155 4049304.067657887
611137.317015831 4049301.9493897846
611137.6562482466 4049299.831121682
611139.0215532356 4049297.345412904
611140.3868582246 4049294.8597041257
611141.7521632137 4049292.373995347
611143.1174682027 4049289.8882865687
611145.3293936664 4049287.9362153104
611147.54131913 4049285.9841440525
611149.7532445937 4049284.0320727946
611151.9651700574 4049282.0800015368
611153.3946937129 4049281.578186563
611154.8242173684 4049281.076371589
611156.2537410238 4049280.574556615
611157.6832646793 4049280.0727416417
611159.1127883347 4049279.570926668
611160.5423119902 4049279.0691116946
611161.9718356456 4049278.567296721
611163.4013593012 4049278.065481747
611165.9811162134 4049277.9652110804
611168.5608731254 4049277.8649404133
611171.1406300376 4049277.7646697466
611173.7203869498 4049277.66439908
611175.4119844099 4049277.802998037
611177.10358187 4049277.941596994
611178.79517933 4049278.0801959513
611180.4867767902 4049278.2187949084
611182.1783742504 4049278.3573938655
611183.8699717105 4049278.4959928226
611185.5615691706 4049278.6345917797
611187.2531666306 4049278.773190737
611189.8798908433 4049279.9670010163
611192.506615056 4049281.1608112953
611195.1333392686 4049282.3546215743
611197.7600634812 4049283.5484318538
611199.5386013178 4049285.1213350473
611201.3171391544 4049286.694238241
611203.095676991 4049288.2671414344
611204.8742148277 4049289.8400446274
611206.3688464365 4049292.222533807
611207.8634780454 4049294.6050229864
611209.3581096544 4049296.987512166
611210.8527412632 4049299.370001346
611211.326155068 4049302.1722004805
611211.7995688728 4049304.974399615
611212.2729826776 4049307.7765987497
611212.7463964823 4049310.578797884
611212.33840341 4049313.4354955107
611211.9304103379 4049316.2921931376
611211.5224172656 4049319.1488907645
611211.1144241933 4049322.0055883913
611210.0516031586 4049324.746054047
611208.9887821239 4049327.4865197027
611207.9259610893 4049330.226985358
611206.8631400546 4049332.9674510136
611206.0446537966 4049335.3403510703
611205.2261675387 4049337.713251127
611204.4076812806 4049340.0861511836
611203.5891950226 4049342.4590512402
611202.7707087647 4049344.831951297
611201.9522225066 4049347.2048513535
611201.1337362486 4049349.57775141
611200.3152499907 4049351.950651467
611199.8442479976 4049354.133310004
611199.3732460046 4049356.3159685414
611198.9022440115 4049358.4986270787
611198.4312420185 4049360.681285616
611197.9602400254 4049362.8639441533
611197.4892380324 4049365.0466026906
611197.0182360394 4049367.229261228
611196.5472340464 4049369.411919765
611196.0762320533 4049371.5945783025
611195.6052300604 4049373.7772368398
611195.1342280674 4049375.959895377
611194.6632260743 4049378.1425539143
611194.1922240813 4049380.3252124516
611193.7212220882 4049382.507870989
611193.2502200952 4049384.690529526
611192.7792181021 4049386.8731880635
611192.5908316926 4049389.03867694
611192.402445283 4049391.204165816
611192.2140588735 4049393.369654692
611192.0256724639 4049395.535143568
611191.8372860544 4049397.7006324446
611191.6488996448 4049399.866121321
611191.4605132353 4049402.0316101974
611191.2721268258 4049404.1970990733
611191.0837404162 4049406.3625879493
611190.8953540067 4049408.5280768257
611190.7069675971 4049410.693565702
611190.5185811876 4049412.8590545785
611190.330194778 4049415.024543455
611190.1418083685 4049417.190032331
611189.953421959 4049419.3555212067
611189.7650355495 4049421.521010083
611189.8601712193 4049424.036957727
611189.9553068893 4049426.5529053705
611190.0504425592 4049429.068853014
611190.1455782291 4049431.584800658
611190.240713899 4049434.1007483015
611190.3358495688 4049436.616695945
611190.4309852386 4049439.132643589
611190.5261209086 4049441.648591233
611190.6212565785 4049444.164538877
611190.7163922483 4049446.6804865208
611190.8115279181 4049449.1964341644
611190.906663588 4049451.712381808
611191.0017992579 4049454.2283294518
611191.0969349279 4049456.7442770954
611191.1920705978 4049459.260224739
611191.2872062676 4049461.7761723828
611191.6141902192 4049463.6465566196
611191.9411741709 4049465.516940857
611192.2681581227 4049467.387325094
611192.5951420744 4049469.257709331
611192.9221260261 4049471.128093568
611193.2491099777 4049472.9984778054
611193.5760939294 4049474.868862042
611193.9030778811 4049476.7392462795
611194.2300618328 4049478.6096305167
611194.5570457845 4049480.4800147535
611194.8840297363 4049482.350398991
611195.2110136879 4049484.220783228
611195.5379976395 4049486.091167465
611195.8649815912 4049487.961551702
611196.191965543 4049489.8319359394
611196.5189494947 4049491.702320176
611196.8459334464 4049493.5727044134
611197.1729173982 4049495.4430886507
611197.4999013499 4049497.3134728875
611197.8268853015 4049499.1838571248
611198.1538692531 4049501.054241362
611198.4808532048 4049502.924625599
611198.8078371566 4049504.795009836
611199.1348211083 4049506.6653940734
611199.46180506 4049508.53577831
611199.7887890118 4049510.4061625474
611200.1157729635 4049512.2765467847
611200.4427569151 4049514.1469310215
611200.7697408667 4049516.0173152587
611201.0967248185 4049517.887699496
611201.4237087702 4049519.758083733
611201.7506927219 4049521.62846797
611202.4851168445 4049523.1141851237
611203.2195409671 4049524.599902278
611203.9539650897 4049526.0856194315
611204.6883892122 4049527.571336585
611205.4228133347 4049529.0570537387
611206.1572374573 4049530.5427708924
611206.89166158 4049532.028488046
611207.6260857026 4049533.5142051997
611209.4245410742 4049535.5229491396
611211.2229964458 4049537.531693079
611213.0214518174 4049539.5404370185
611214.819907189 4049541.5491809584
611216.9508892638 4049543.4046797147
611219.0818713385 4049545.2601784705
611221.8108487518 4049546.428330739
611224.539826165 4049547.5964830075
611226.3415132372 4049548.1106902817
611228.1432003096 4049548.6248975564
611229.944887382 4049549.139104831
611231.7465744542 4049549.6533121057
611233.5482615265 4049550.1675193803
611235.3499485989 4049550.681726655
611237.1516356713 4049551.1959339296
611238.9533227435 4049551.7101412043
611241.0845957019 4049551.420577827
611243.2158686602 4049551.13101445
611245.3471416186 4049550.841451073
611247.4784145771 4049550.5518876957
611249.6096875356 4049550.2623243188
611251.7409604939 4049549.972760942
611253.8722334523 4049549.6831975644
611256.0035064106 4049549.3936341875
611258.3703224042 4049548.968723977
611260.7371383978 4049548.5438137664
611262.3493531537 4049548.1416149605
611263.9615679097 4049547.739416155
611265.5737826657 4049547.3372173496
611267.1859974217 4049546.9350185436
611269.5595639313 4049546.4117624583
611271.9331304408 4049545.8885063734
611274.3066969503 4049545.3652502885
611276.6802634599 4049544.841994203
611278.5299238993 4049544.4157335674
611280.631573701 4049543.929344477
611282.3328050913 4049543.542411826
611284.0340364815 4049543.155479175
611285.7352678718 4049542.768546524
611287.4364992619 4049542.381613873
611289.5801021282 4049541.8964880034
611291.7237049947 4049541.411362134
611293.867307861 4049540.9262362644
611296.0109107273 4049540.4411103944
611297.580252751 4049540.1058273586
611299.1495947748 4049539.770544323
611301.1365739568 4049539.296820881
611303.1235531387 4049538.823097438
611305.9755966472 4049538.243795096
611308.8276401559 4049537.6644927533
611310.6948259643 4049537.2202306604
611312.5620117728 4049536.7759685675
611314.7870276953 4049536.294828631
611317.0120436179 4049535.813688695
611318.5487232116 4049535.4924227837
611320.0854028054 4049535.171156873
611321.6220823991 4049534.8498909622
611323.1587619928 4049534.528625051
611325.3366278473 4049534.071160696
611327.5144937016 4049533.613696341
611329.7749674647 4049533.15319574
611332.0354412278 4049532.6926951394
611334.0192503222 4049532.234772742
611336.0030594167 4049531.7768503437
611338.0689783124 4049531.3531263666
611340.1348972083 4049530.92940239
611342.8763330469 4049530.394115704
611345.6177688855 4049529.8588290177
611348.0232403011 4049529.349886864
611350.4287117166 4049528.84094471
611352.2910722005 4049528.470387114
611354.1534326846 4049528.099829518
611355.7819890275 4049527.7237148685
611357.4105453703 4049527.347600219
611359.0391017132 4049526.971485569
611360.6676580561 4049526.5953709194
611362.2962143989 4049526.2192562697
611363.9247707418 4049525.84314162
611365.5533270848 4049525.4670269703
611367.1818834275 4049525.0909123207
611368.7008249348 4049524.831836604
611370.219766442 4049524.5727608874
611371.7387079492 4049524.3136851704
611373.2576494563 4049524.054609454
611375.3300297689 4049523.62784433
611377.4024100814 4049523.2010792065
611379.4747903938 4049522.7743140827
611381.5471707063 4049522.347548959
611383.3137592494 4049521.9426777586
611385.0803477924 4049521.5378065584
611386.8469363353 4049521.132935358
611388.6135248784 4049520.7280641585
611390.3801134214 4049520.3231929587
611392.1467019643 4049519.9183217585
611393.9132905074 4049519.5134505583
611395.6798790504 4049519.108579358
611397.4464675933 4049518.703708158
611399.2130561364 4049518.2988369577
611400.9796446793 4049517.8939657575
611402.7462332223 4049517.4890945572
611404.5128217654 4049517.084223357
611406.2794103083 4049516.679352157
611408.0459988513 4049516.2744809566
611409.8125873944 4049515.869609757
611411.5791759373 4049515.464738557
611413.3457644803 4049515.059867357
611415.1123530234 4049514.6549961567
611416.8789415663 4049514.2501249565
611418.6455301093 4049513.8452537563
611420.4121186524 4049513.440382556
611422.1787071953 4049513.035511356
611423.9452957383 4049512.6306401556
611425.7118842814 4049512.2257689554
611427.4784728243 4049511.820897755
611429.2450613673 4049511.416026555
611431.0116499104 4049511.0111553553
611432.7782384533 4049510.6062841555
611434.5448269963 4049510.2014129553
611436.3114155394 4049509.796541755
611438.0780040823 4049509.391670555
611439.8944946576 4049508.7601194307
611441.710985233 4049508.1285683066
611443.5274758083 4049507.4970171824
611445.3439663836 4049506.865466058
611447.1604569589 4049506.233914933
611448.9769475342 4049505.602363809
611450.7934381096 4049504.970812685
611452.6099286849 4049504.3392615607
611454.8447256428 4049503.119167063
611457.0795226007 4049501.899072565
611459.3143195587 4049500.678978067
611461.5491165166 4049499.458883569
611462.8482104938 4049498.3921641065
611464.1473044711 4049497.3254446443
611465.4463984484 4049496.258725182
611466.7454924256 4049495.19200572
611467.8795270543 4049494.096459289
611469.013561683 4049493.000912858
611470.1475963118 4049491.9053664273
611471.2816309404 4049490.809819997
611472.7587274038 4049489.1320005343
611474.2358238674 4049487.454181072
611475.7722182302 4049485.0986867454
611477.308612593 4049482.7431924185
611478.8123108088 4049480.220060004
611480.3160090247 4049477.6969275894
611480.9653663128 4049476.2924854755
611481.6147236009 4049474.8880433613
611482.2640808889 4049473.483601247
611482.913438177 4049472.079159133
611483.6126340183 4049469.214520232
611484.3118298597 4049466.349881331
611484.6997163448 4049463.9303500704
611485.0876028299 4049461.5108188097
611485.475489315 4049459.091287549
611485.8633758001 4049456.6717562885
611486.2677955178 4049453.8668520246
611486.6722152355 4049451.061947761
611487.0766349533 4049448.2570434976
611487.481054671 4049445.452139234
611487.6544192745 4049443.954335706
611487.827783878 4049442.4565321775
611488.0011484814 4049440.958728649
611488.1745130849 4049439.460925121
611488.3478776885 4049437.9631215925
611488.5212422919 4049436.465318064
611488.6946068953 4049434.967514536
611488.8679714989 4049433.4697110076
611489.0413361024 4049431.971907479
611489.2147007058 4049430.474103951
611489.3880653093 4049428.9763004226
611489.5614299128 4049427.4784968942
611489.7347945163 4049425.980693366
611489.9081591198 4049424.4828898376
611490.0815237232 4049422.9850863093
611490.2548883267 4049421.487282781
611490.5865853394 4049418.599888541
611490.9182823519 4049415.7124943
611491.2499793646 4049412.8251000596
611491.5816763772 4049409.9377058195
611491.9133733897 4049407.0503115794
611492.2450704024 4049404.1629173392
611492.576767415 4049401.275523099
611492.9084644276 4049398.3881288585
611493.0590202601 4049396.6209983304
611493.2095760927 4049394.853867802
611493.3601319252 4049393.0867372737
611493.5106877579 4049391.3196067456
611493.6612435905 4049389.5524762175
611493.8117994231 4049387.7853456894
611493.9623552556 4049386.0182151613
611494.1129110882 4049384.251084633
611494.2634669207 4049382.483954105
611494.4140227532 4049380.716823577
611494.5645785858 4049378.949693049
611494.7151344183 4049377.1825625207
611494.8656902509 4049375.4154319926
611495.0162460834 4049373.6483014645
611495.166801916 4049371.8811709364
611495.3173577486 4049370.1140404083
611495.4679135813 4049368.34690988
611495.6184694138 4049366.579779352
611495.7690252464 4049364.812648824
611495.9195810789 4049363.045518296
611496.0701369115 4049361.2783877677
611496.220692744 4049359.5112572396
611496.3712485766 4049357.7441267115
611496.5218044091 4049355.9769961834
611496.6723602416 4049354.2098656553
611496.8229160742 4049352.442735127
611496.9734719067 4049350.675604599
611497.1240277394 4049348.908474071
611497.274583572 4049347.141343543
611497.4251394046 4049345.3742130147
611497.5756952371 4049343.607082486
611497.7262510697 4049341.839951958
611497.8912366991 4049338.898986282
611498.0562223285 4049335.958020606
611498.221207958 4049333.0170549303
611498.3861935873 4049330.0760892546
611498.5511792167 4049327.135123579
611498.7161648462 4049324.1941579026
611498.8811504756 4049321.2531922264
611499.046136105 4049318.3122265507
611498.9551076132 4049316.784324896
611498.8640791215 4049315.2564232415
611498.7730506298 4049313.7285215873
611498.682022138 4049312.2006199327
611498.5909936463 4049310.672718278
611498.4999651546 4049309.144816624
611498.4089366628 4049307.6169149694
611498.3179081711 4049306.089013315
611498.2268796794 4049304.56111166
611498.1358511876 4049303.0332100056
611498.0448226959 4049301.5053083515
611497.9537942042 4049299.977406697
611497.8627657124 4049298.4495050423
611497.7717372207 4049296.921603388
611497.680708729 4049295.3937017336
611497.5896802372 4049293.865800079
611497.3480245552 4049290.97477087
611497.1063688734 4049288.0837416616
611496.8647131915 4049285.192712453
611496.6230575095 4049282.3016832443
611496.3814018277 4049279.410654036
611496.1397461458 4049276.5196248274
611495.8980904638 4049273.6285956185
611495.656434782 4049270.73756641
611495.1846161222 4049268.540504316
611494.7127974625 4049266.343442222
611494.2409788028 4049264.146380128
611493.7691601431 4049261.9493180336
611493.2973414834 4049259.7522559394
611492.8255228236 4049257.555193845
611492.3537041638 4049255.3581317514
611491.8818855041 4049253.161069657
611491.2735104305 4049250.9455322465
611490.6651353568 4049248.7299948353
611490.0567602832 4049246.5144574246
611489.4483852095 4049244.298920014
611488.8400101359 4049242.0833826032
611488.2316350623 4049239.8678451926
611487.6232599886 4049237.652307782
611487.014884915 4049235.436770371
611486.2804745547 4049232.8135828674
611485.5460641945 4049230.1903953636
611484.8116538343 4049227.56720786
611484.0772434741 4049224.9440203565
611483.3428331139 4049222.320832853
611482.6084227536 4049219.6976453494
611481.8740123934 4049217.0744578457
611481.1396020331 4049214.451270342
611480.6386149395 4049212.836259247
611480.1376278459 4049211.2212481513
611479.6366407522 4049209.6062370557
611479.1356536587 4049207.9912259607
611478.6346665651 4049206.3762148656
611478.1336794714 4049204.7612037705
611477.6326923778 4049203.1461926755
611477.1317052842 4049201.53118158
611476.3620997348 4049198.6424512463
611475.5924941855 4049195.753720912
611474.8228886363 4049192.864990578
611474.053283087 4049189.976260244
611473.2836775377 4049187.08752991
611472.5140719884 4049184.1987995757
611471.7444664391 4049181.3100692416
611470.9748608898 4049178.4213389074
611470.2052553406 4049175.5326085733
611469.4356497913 4049172.643878239
611468.666044242 4049169.755147905
611467.8964386927 4049166.866417571
611467.1268331434 4049163.977687237
611466.3572275941 4049161.0889569027
611465.5876220448 4049158.2002265686
611464.8180164956 4049155.3114962345
611464.0484109463 4049152.4227659004
611463.278805397 4049149.5340355663
611462.5091998477 4049146.645305232
611461.7395942984 4049143.756574898
611460.9699887491 4049140.867844564
611460.2003831998 4049137.97911423
611459.4307776506 4049135.0903838957
611458.6611721012 4049132.2016535616
611457.8915665518 4049129.3129232274
611457.1219610025 4049126.4241928933
611456.3523554532 4049123.535462559
611455.5827499039 4049120.646732225
611454.8131443546 4049117.758001891
611454.0435388053 4049114.869271557
611453.273933256 4049111.9805412227
611452.5043277068 4049109.0918108886
611452.0675925172 4049107.3907379042
611451.6308573276 4049105.68966492
611451.194122138 4049103.9885919355
611450.7573869484 4049102.2875189516
611450.3206517589 4049100.5864459677
611449.8839165693 4049098.8853729833
611449.4471813797 4049097.184299999
611449.0104461901 4049095.4832270145
611448.5737110006 4049093.78215403
611448.136975811 4049092.081081046
611447.7002406213 4049090.3800080614
611447.2635054318 4049088.6789350775
611446.8267702423 4049086.9778620936
611446.3900350527 4049085.276789109
611445.953299863 4049083.575716125
611445.5165646735 4049081.8746431405
611445.079829484 4049080.173570156
611444.6430942944 4049078.4724971717
611444.2063591047 4049076.7714241873
611443.7696239152 4049075.0703512034
611443.3328887257 4049073.3692782195
611442.896153536 4049071.668205235
611442.4594183464 4049069.967132251
611442.0226831569 4049068.2660592664
611441.5859479674 4049066.564986282
611441.1492127777 4049064.8639132977
611440.7124775881 4049063.1628403133
611440.2757423986 4049061.4617673294
611439.8390072089 4049059.7606943455
611439.4022720193 4049058.059621361
611438.9655368298 4049056.3585483767
611438.5288016401 4049054.6574753923
611438.2938646842 4049052.6672347533
611438.0589277283 4049050.6769941137
611437.8239907725 4049048.686753474
611437.5890538166 4049046.696512835
611437.6417933016 4049044.9968285244
611437.6945327866 4049043.297144213
611437.7472722717 4049041.597459902
611437.8000117566 4049039.8977755914
611438.158226881 4049038.2705983184
611438.5164420053 4049036.643421045
611438.8746571296 4049035.0162437716
611439.2328722539 4049033.3890664987
611439.8986930057 4049031.7578534656
611440.5645137575 4049030.1266404325
611441.2303345093 4049028.495427399
611441.8961552611 4049026.864214366
611442.9342415181 4049025.019882044
611443.9723277751 4049023.1755497213
611445.0104140321 4049021.3312173993
611446.0485002892 4049019.4868850773
611447.1484170663 4049017.8173234006
611448.2483338434 4049016.147761724
611449.3482506205 4049014.4782000473
611450.4481673975 4049012.808638371
611452.4505150773 4049010.7325365227
611454.4528627571 4049008.656434674
611456.455210437 4049006.5803328254
611458.4575581168 4049004.504230977
611459.8781157092 4049003.6343744774
611461.2986733015 4049002.764517978
611462.7192308938 4049001.894661478
611464.1397884861 4049001.0248049786
611465.5603460784 4049000.154948479
611466.9809036707 4048999.2850919794
611468.401461263 4048998.4152354794
611469.8220188554 4048997.5453789798
611471.7018433909 4048997.0142314425
611473.5816679264 4048996.4830839047
611475.461492462 4048995.951936367
611477.3413169975 4048995.420788829
611479.221141533 4048994.8896412915
611481.1009660686 4048994.3584937537
611482.9807906041 4048993.827346216
611484.8606151396 4048993.2961986787
611487.6764107865 4048992.835497776
611490.4922064333 4048992.374796874
611493.3080020802 4048991.9140959717
611496.123797727 4048991.453395069
611498.7902141488 4048991.2856235094
611501.4566305706 4048991.1178519498
611504.1230469923 4048990.95008039
611506.789463414 4048990.7823088304
611508.4842637228 4048990.8687495748
611510.1790640315 4048990.9551903196
611511.8738643402 4048991.041631064
611513.568664649 4048991.1280718083
611515.2634649577 4048991.214512553
611516.9582652665 4048991.3009532974
611518.6530655753 4048991.3873940418
611520.347865884 4048991.4738347866
611522.1547454249 4048991.6342805214
611523.9616249658 4048991.7947262563
611525.7685045067 4048991.955171991
611527.5753840476 4048992.1156177265
611529.3822635885 4048992.276063462
611531.1891431294 4048992.4365091966
611532.9960226703 4048992.5969549315
611534.8029022111 4048992.7574006664
611536.5526202365 4048993.0417247945
611538.3023382619 4048993.3260489223
611540.0520562873 4048993.61037305
611541.8017743127 4048993.894697178
611543.5514923381 4048994.1790213063
611545.3012103635 4048994.463345434
611547.050928389 4048994.7476695618
611548.8006464143 4048995.03199369
611550.5503644396 4048995.316317818
611552.300082465 4048995.600641946
611554.0498004905 4048995.8849660736
611555.7995185158 4048996.1692902017
611557.5492365411 4048996.45361433
611559.2989545666 4048996.7379384576
611561.048672592 4048997.0222625853
611562.7983906174 4048997.3065867135
611564.7603502623 4048997.7171409265
611566.7223099071 4048998.1276951395
611568.6842695519 4048998.5382493525
611570.6462291968 4048998.9488035655
611572.6081888417 4048999.3593577784
611574.5701484865 4048999.7699119914
611576.5321081313 4049000.180466204
611578.4940677762 4049000.591020417
611580.4560274212 4049001.00157463
611582.417987066 4049001.4121288424
611584.3799467108 4049001.8226830554
611586.3419063557 4049002.2332372684
611588.3038660006 4049002.6437914814
611590.2658256454 4049003.0543456944
611592.2277852902 4049003.4648999074
611594.1897449351 4049003.8754541203
611596.15170458 4049004.2860083333
611598.1136642249 4049004.6965625463
611600.0756238697 4049005.107116759
611602.0375835146 4049005.517670972
611603.9995431595 4049005.928225185
611605.9615028043 4049006.3387793973
611607.9234624491 4049006.7493336103
611609.885422094 4049007.1598878233
611611.847381739 4049007.5704420363
611613.8093413837 4049007.9809962492
611615.7713010286 4049008.391550462
611617.7332606735 4049008.802104675
611619.6952203183 4049009.212658888
611621.6571799631 4049009.623213101
611623.619139608 4049010.0337673137
611625.5810992528 4049010.4443215267
611627.0572339462 4049010.735760805
611628.5333686396 4049011.0272000832
611630.009503333 4049011.3186393613
611631.4856380264 4049011.6100786394
611632.9617727197 4049011.9015179174
611634.4379074131 4049012.1929571955
611635.9140421065 4049012.4843964735
611637.3901767998 4049012.7758357516
611638.8663114932 4049013.0672750296
611640.3424461866 4049013.3587143077
611641.81858088 4049013.6501535857
611643.2947155733 4049013.9415928638
611644.7708502667 4049014.233032142
611646.24698496 4049014.52447142
611647.7231196534 4049014.815910698
611649.1992543468 4049015.107349976
611650.6753890401 4049015.398789254
611652.1515237335 4049015.690228532
611653.6276584269 4049015.98166781
611655.1037931202 4049016.273107088
611656.5799278136 4049016.564546366
611658.056062507 4049016.8559856443
611659.5321972003 4049017.1474249223
611661.0083318937 4049017.4388642004
611662.4844665871 4049017.7303034784
611663.9606012804 4049018.0217427565
611665.4367359738 4049018.3131820345
611666.9128706672 4049018.6046213126
611668.3890053605 4049018.8960605906
611669.8651400539 4049019.1874998687
611671.3412747473 4049019.4789391467
611672.8174094406 4049019.7703784253
611674.4547234268 4049020.0525536323
611676.092037413 4049020.33472884
611677.7293513992 4049020.6169040473
611679.3666653855 4049020.899079255
611681.0039793719 4049021.1812544623
611682.641293358 4049021.4634296694
611684.2786073443 4049021.7456048764
611685.9159213305 4049022.027780084
611687.5532353166 4049022.3099552915
611689.1905493028 4049022.5921304985
611690.827863289 4049022.8743057055
611692.4651772752 4049023.156480913
611694.1024912614 4049023.4386561206
611695.7398052476 4049023.7208313276
611697.3771192338 4049024.0030065347
611699.0144332201 4049024.285181742
611700.6517472065 4049024.5673569497
611702.2890611927 4049024.8495321567
611703.9263751789 4049025.1317073638
611705.563689165 4049025.4138825713
611707.2010031512 4049025.696057779
611708.8383171374 4049025.978232986
611710.4756311236 4049026.260408193
611712.1129451098 4049026.5425834004
611713.750259096 4049026.824758608
611715.3875730822 4049027.106933815
611717.0248870684 4049027.389109022
611718.6622010547 4049027.6712842295
611720.299515041 4049027.953459437
611721.9368290273 4049028.2356346445
611723.5741430135 4049028.517809852
611725.2114569996 4049028.799985059
611726.735112459 4049029.057162444
611728.2587679185 4049029.3143398287
611729.7824233777 4049029.5715172132
611731.3060788371 4049029.828694598
611732.8297342965 4049030.0858719824
611734.3533897558 4049030.343049367
611735.8770452152 4049030.6002267515
611737.4007006746 4049030.857404136
611738.924356134 4049031.1145815207
611740.4480115934 4049031.3717589052
611741.9716670527 4049031.62893629
611743.4953225121 4049031.886113675
611745.0189779715 4049032.14329106
611746.5426334308 4049032.4004684445
611748.0662888902 4049032.657645829
611749.5899443496 4049032.9148232136
611751.113599809 4049033.172000598
611752.6372552684 4049033.4291779827
611754.1609107277 4049033.6863553673
611755.6845661871 4049033.9435327523
611757.2082216465 4049034.2007101374
611758.7318771058 4049034.457887522
611760.2555325652 4049034.7150649065
611761.7791880246 4049034.972242291
611763.302843484 4049035.2294196757
611764.8264989434 4049035.48659706
611766.3501544028 4049035.743774445
611767.8738098622 4049036.0009518294
611769.3974653216 4049036.258129214
611770.921120781 4049036.5153065985
611772.4447762403 4049036.772483983
611773.9684316997 4049037.029661368
611775.4920871591 4049037.286838753
611777.0157426184 4049037.5440161377
611778.5393980778 4049037.8011935223
611780.0630535372 4049038.058370907
611781.5867089966 4049038.3155482914
611783.110364456 4049038.572725676
611784.6340199154 4049038.8299030606
611786.1576753748 4049039.087080445
611787.6813308342 4049039.3442578297
611789.2049862936 4049039.6014352143
611790.7286417529 4049039.858612599
611792.2522972123 4049040.115789984
611793.7759526717 4049040.372967369
611795.2996081309 4049040.6301447535
611796.8232635903 4049040.887322138
611798.3469190497 4049041.1444995226
611799.8705745091 4049041.401676907
611801.3942299685 4049041.658854292
611802.9178854278 4049041.9160316763
611804.4415408872 4049042.1732090614
611805.9651963466 4049042.4303864464
611807.4888518059 4049042.687563831
611809.0125072653 4049042.9447412156
611810.5361627247 4049043.2019186
611812.0598181841 4049043.4590959847
611813.5834736435 4049043.7162733693
611815.1071291028 4049043.973450754
611816.6307845622 4049044.2306281384
611818.1544400216 4049044.487805523
611819.6780954809 4049044.7449829075
611821.2017509403 4049045.002160292
611822.7254063997 4049045.259337677
611824.509182795 4049045.705524278
611826.2929591902 4049046.151710878
611828.0767355855 4049046.597897479
611829.8605119807 4049047.0440840796
611831.3103085351 4049047.833846189
611832.7601050896 4049048.623608299
611834.2099016441 4049049.413370409
611835.6596981985 4049050.2031325186
611837.128855933 4049051.3586934595
611838.5980136674 4049052.5142544005
611840.0671714018 4049053.669815342
611841.5363291362 4049054.825376283
611842.4454364304 4049056.1753127156
611843.3545437247 4049057.5252491487
611844.263651019 4049058.8751855814
611845.1727583131 4049060.225122014
611846.1377080869 4049062.0856874585
611847.1026578606 4049063.946252903
611848.0676076342 4049065.8068183474
611849.032557408 4049067.667383792
611849.9975071817 4049069.5279492363
611850.9624569553 4049071.388514681
611851.9274067291 4049073.2490801252
611852.8923565028 4049075.10964557
611853.8573062766 4049076.970211015
611854.8222560503 4049078.8307764595
611855.7872058239 4049080.691341904
611856.7521555977 4049082.5519073484
611857.7171053714 4049084.412472793
611858.682055145 4049086.2730382374
611859.6470049188 4049088.133603682
611860.6119546925 4049089.9941691263
611861.5769044663 4049091.8547345707
611862.54185424 4049093.715300015
611863.5068040136 4049095.5758654596
611864.4717537874 4049097.4364309045
611865.4367035611 4049099.2969963495
611866.4016533347 4049101.157561794
611867.3666031085 4049103.0181272384
611868.3315528822 4049104.878692683
611869.296502656 4049106.7392581273
611870.2614524297 4049108.5998235717
611871.2264022033 4049110.460389016
611872.1913519771 4049112.3209544607
611873.1563017508 4049114.181519905
611874.1212515244 4049116.0420853496
611875.0862012982 4049117.902650794
611876.0511510719 4049119.763216239
611876.8598167 4049121.7927429546
611877.6684823282 4049123.8222696697
611878.4771479564 4049125.8517963854
611879.2858135845 4049127.881323101
611880.0944792125 4049129.9108498166
611880.9031448407 4049131.9403765323
611881.7118104689 4049133.969903248
611882.520476097 4049135.9994299635
611883.1949962623 4049138.40959602
611883.8695164276 4049140.8197620763
611884.5440365929 4049143.2299281326
611885.2185567582 4049145.640094189
611885.8930769236 4049148.0502602453
611886.5675970889 4049150.4604263017
611887.2421172543 4049152.870592358
611887.9166374196 4049155.2807584144
611888.3659704986 4049157.5419615596
611888.8153035776 4049159.8031647047
611889.2646366566 4049162.0643678494
611889.7139697357 4049164.3255709945
611890.1633028147 4049166.5867741397
611890.6126358937 4049168.8479772843
611891.0619689727 4049171.1091804295
611891.5113020517 4049173.3703835746
611891.7964201223 4049175.2864445182
611892.0815381929 4049177.202505462
611892.3666562635 4049179.118566406
611892.651774334 4049181.0346273496
611892.9368924046 4049182.950688293
611893.2220104751 4049184.8667492373
611893.5071285457 4049186.782810181
611893.7922466162 4049188.6988711245
611894.0773646868 4049190.614932068
611894.3624827573 4049192.530993012
611894.6476008279 4049194.447053956
611894.9327188984 4049196.3631148995
611895.217836969 4049198.279175843
611895.5029550395 4049200.195236787
611895.78807311 4049202.111297731
611896.0731911806 4049204.0273586744
611896.2439126931 4049206.70156321
611896.4146342056 4049209.375767746
611896.5853557182 4049212.049972282
611896.7560772306 4049214.7241768176
611896.926798743 4049217.3983813534
611897.0975202555 4049220.072585889
611897.268241768 4049222.746790425
611897.4389632805 4049225.4209949602
611897.417376709 4049227.065458848
611897.3957901376 4049228.7099227356
611897.374203566 4049230.354386623
611897.3526169945 4049231.9988505105
611897.331030423 4049233.643314398
611897.3094438515 4049235.287778286
611897.28785728 4049236.9322421737
611897.2662707085 4049238.576706061
611897.244684137 4049240.2211699486
611897.2230975656 4049241.8656338365
611897.2015109941 4049243.5100977244
611897.1799244226 4049245.154561612
611897.1583378512 4049246.7990254993
611897.1367512797 4049248.443489387
611897.1151647081 4049250.087953275
611897.0935781366 4049251.7324171625
611897.0719915652 4049253.37688105
611897.0504049936 4049255.021344938
611897.0288184221 4049256.6658088258
611897.0072318506 4049258.310272713
611896.9856452792 4049259.9547366006
611896.9640587077 4049261.599200488
611896.9424721362 4049263.2436643755
611896.9208855648 4049264.8881282634
611896.8992989933 4049266.5325921513
611896.8777124218 4049268.1770560388
611896.8561258502 4049269.821519926
611896.8345392788 4049271.4659838136
611896.8129527073 4049273.110447701
611896.7913661357 4049274.754911589
611896.7697795642 4049276.399375477
611896.7481929928 4049278.0438393643
611896.7343601165 4049279.5708801523
611896.7205272402 4049281.09792094
611896.7066943638 4049282.6249617273
611896.6928614876 4049284.1520025153
611896.6790286114 4049285.679043303
611896.665195735 4049287.2060840903
611896.6513628587 4049288.7331248783
611896.6375299825 4049290.2601656658
611896.6236971063 4049291.7872064533
611896.6098642299 4049293.3142472412
611896.5960313536 4049294.8412880288
611896.5821984774 4049296.3683288163
611896.568365601 4049297.895369604
611896.5545327247 4049299.4224103917
611896.5406998484 4049300.9494511792
611896.5268669721 4049302.476491967
611896.6792072707 4049305.434092241
611896.8315475693 4049308.3916925145
611896.9838878678 4049311.3492927887
611897.1362281663 4049314.3068930623
611897.2885684648 4049317.264493336
611897.4409087634 4049320.22209361
611897.5932490621 4049323.1796938838
611897.7455893606 4049326.1372941574
611897.8979296591 4049329.0948944315
611898.0502699576 4049332.052494705
611898.2026102562 4049335.010094979
611898.3549505548 4049337.967695253
611898.5072908534 4049340.9252955266
611898.6596311519 4049343.8828958003
611898.8119714505 4049346.8404960744
611898.964311749 4049349.798096348
611898.9619264591 4049351.376034381
611898.9595411691 4049352.953972413
611898.9571558791 4049354.5319104455
611898.9547705892 4049356.109848478
611898.9523852994 4049357.68778651
611898.9500000095 4049359.2657245426
611898.9476147196 4049360.843662575
611898.9452294296 4049362.421600607
611898.9428441396 4049363.9995386396
611898.9404588498 4049365.577476672
611898.9380735599 4049367.1554147042
611898.93568827 4049368.7333527366
611898.9333029801 4049370.311290769
611898.9309176902 4049371.8892288012
611898.9285324002 4049373.4671668336
611898.9261471103 4049375.045104866
611898.9237618204 4049376.6230428983
611898.9213765304 4049378.2009809306
611898.9189912404 4049379.778918963
611898.9166059506 4049381.3568569953
611898.9142206607 4049382.9347950276
611898.9118353708 4049384.51273306
611898.909450081 4049386.0906710923
611898.907064791 4049387.6686091246
611898.904679501 4049389.246547157
611898.9022942111 4049390.8244851893
611898.8999089212 4049392.4024232216
611898.8975236313 4049393.980361254
611898.8951383415 4049395.5582992863
611898.8927530515 4049397.1362373186
611898.8903677615 4049398.714175351
611898.8879824716 4049400.2921133838
611898.6941571042 4049402.6611439846
611898.5003317369 4049405.030174585
611898.3065063695 4049407.399205186
611898.112681002 4049409.768235787
611897.9188556345 4049412.137266387
611897.7250302671 4049414.506296988
611897.5312048998 4049416.875327589
611897.3373795324 4049419.2443581894
611897.143554165 4049421.6133887903
611896.9497287977 4049423.982419391
611896.7559034303 4049426.3514499916
611896.5620780629 4049428.7204805925
611896.3682526955 4049431.0895111933
611896.1744273282 4049433.4585417937
611895.9806019608 4049435.8275723946
611895.7867765933 4049438.1966029955
611895.7854771325 4049440.962751236
611895.7841776719 4049443.7288994766
611895.7828782112 4049446.4950477174
611895.7815787506 4049449.2611959577
611895.7802792899 4049452.027344198
611895.7789798292 4049454.7934924383
611895.7776803684 4049457.5596406786
611895.7763809077 4049460.3257889193
611896.1335326746 4049463.2647695867
611896.4906844415 4049466.2037502537
611896.8478362085 4049469.142730921
611897.2049879754 4049472.0817115884
611897.6187270405 4049473.9987713443
611898.0324661054 4049475.9158310997
611898.4462051704 4049477.832890855
611898.8599442353 4049479.749950611
611899.2736833002 4049481.667010367
611899.6874223653 4049483.584070123
611900.1011614304 4049485.5011298787
611900.5149004953 4049487.418189634
611900.999579162 4049489.1227211216
611901.4842578287 4049490.8272526097
611901.9689364954 4049492.5317840977
611902.453615162 4049494.2363155857
611902.9382938287 4049495.9408470737
611903.4229724954 4049497.645378561
611903.9076511621 4049499.349910049
611904.3923298288 4049501.054441537
611904.8770084955 4049502.758973025
611905.3616871622 4049504.4635045123
611905.8463658289 4049506.168036
611906.3310444956 4049507.872567488
611906.8157231623 4049509.577098976
611907.300401829 4049511.281630464
611907.7850804956 4049512.986161952
611908.2697591623 4049514.6906934395
611909.2544444085 4049517.324530445
611910.2391296547 4049519.958367451
611911.223814901 4049522.592204457
611912.2085001471 4049525.226041463
611912.6182150228 4049526.7182436357
611913.0279298985 4049528.2104458082
611913.4376447741 4049529.7026479803
611913.8473596498 4049531.194850153
611913.9471034438 4049532.8826051205
611914.0468472377 4049534.570360088
611914.1465910317 4049536.258115055
611914.2463348255 4049537.9458700223
611913.9806668994 4049540.866055819
611913.7149989733 4049543.7862416157
611912.8529002205 4049545.6946997037
611911.9908014679 4049547.603157792
611910.7138261402 4049549.1565638306
611909.4368508125 4049550.709969869
611907.8993997823 4049552.0634028437
611906.3619487521 4049553.416835819
611904.7653759315 4049554.103967268
611903.168803111 4049554.7910987167
611901.242510306 4049555.3181442074
611899.3162175011 4049555.845189698
611897.5977690332 4049556.1376412753
611895.8793205651 4049556.4300928526
611894.1608720971 4049556.72254443
611892.4424236291 4049557.0149960076
611890.8986235721 4049557.187161831
611889.354823515 4049557.3593276544
611887.8110234581 4049557.5314934775
611886.2672234011 4049557.703659301
611883.9658114132 4049558.214707101
611881.6643994255 4049558.7257549013
611879.1437909312 4049559.518993032
611876.6231824369 4049560.3122311626
611875.2660716798 4049561.1079424103
611873.9089609226 4049561.903653658
611872.5518501655 4049562.6993649057
611871.1947394084 4049563.4950761534
611869.2752326671 4049565.3445839975
611867.3557259259 4049567.1940918416
611865.8460429516 4049569.5343357585
611864.3363599774 4049571.8745796755
611863.8556674974 4049573.3019000874
611863.3749750174 4049574.7292204993
611862.8942825374 4049576.1565409116
611862.4135900574 4049577.5838613235
611861.8079242215 4049580.1312084096
611861.2022583855 4049582.6785554956
611860.5965925495 4049585.2259025816
611859.9909267134 4049587.7732496676
611859.6077083085 4049590.708252361
611859.2244899035 4049593.643255054
611858.8412714986 4049596.578257747
611858.4580530936 4049599.51326044
611858.2825178413 4049601.099951419
611858.1069825891 4049602.686642398
611857.9314473369 4049604.273333377
611857.7559120846 4049605.8600243563
611857.5803768323 4049607.4467153354
611857.40484158 4049609.0334063144
611857.2293063276 4049610.6200972935
611857.0537710754 4049612.206788273
611856.7566479989 4049615.148961434
611856.4595249224 4049618.0911345948
611856.1624018459 4049621.033307756
611855.8652787694 4049623.975480917
611855.8520746799 4049625.9204909503
611855.8388705903 4049627.865500984
611855.8256665008 4049629.810511017
611855.8124624114 4049631.755521051
611855.7992583219 4049633.700531085
611855.7860542324 4049635.6455411185
611855.7728501429 4049637.590551152
611855.7596460534 4049639.5355611853
611855.8732770759 4049641.17157412
611855.9869080984 4049642.8075870546
611856.1005391208 4049644.4435999896
611856.2141701434 4049646.0796129243
611856.3278011659 4049647.715625859
611856.4414321883 4049649.351638794
611856.5550632108 4049650.9876517286
611856.6686942333 4049652.623664663
611856.7916810343 4049654.1549886605
611856.9146678351 4049655.6863126573
611857.1973973517 4049658.192361489
611857.4801268685 4049660.69841032
611857.7628563852 4049663.2044591513
611858.045585902 4049665.7105079824
611858.3283154187 4049668.2165568136
611858.6110449354 4049670.7226056447
611858.8937744522 4049673.228654476
611859.1765039688 4049675.734703307
611859.028667795 4049677.354852724
611858.8808316211 4049678.9750021407
611858.7329954472 4049680.5951515576
611858.5851592734 4049682.215300974
611858.4373230995 4049683.8354503904
611858.2894869256 4049685.455599807
611858.1416507517 4049687.075749224
611857.9938145779 4049688.695898641
611857.7323765096 4049690.511878016
611857.4709384413 4049692.327857391
611857.209500373 4049694.143836766
611856.9480623046 4049695.959816141
611856.6866242363 4049697.775795516
611856.4251861679 4049699.591774891
611856.1637480996 4049701.4077542657
611855.9023100312 4049703.2237336407
611855.501997226 4049704.878792311
611855.1016844208 4049706.533850981
611854.7013716158 4049708.188909651
611854.3010588106 4049709.8439683206
611853.9007460054 4049711.4990269905
611853.5004332003 4049713.154085661
611853.1001203951 4049714.809144331
611852.6998075899 4049716.464203001
611851.9718136458 4049719.1739493203
611851.2438197017 4049721.8836956397
611850.5158257576 4049724.5934419595
611849.7878318136 4049727.303188279
611848.8249640386 4049729.615086236
611847.8620962636 4049731.926984193
611846.8992284886 4049734.2388821496
611845.9363607136 4049736.550780107
611844.6729344164 4049738.7242388874
611843.4095081193 4049740.8976976676
611842.1460818222 4049743.071156448
611840.882655525 4049745.244615229
611839.9476728218 4049746.503682246
611839.0126901187 4049747.762749263
611838.0777074157 4049749.02181628
611837.1427247126 4049750.2808832973
611836.2077420095 4049751.5399503144
611835.2727593064 4049752.7990173316
611834.3377766032 4049754.0580843487
611833.4027939001 4049755.317151366
611831.6524741851 4049757.14448886
611829.9021544701 4049758.9718263536
611828.1518347552 4049760.799163847
611826.4015150402 4049762.6265013414
611824.3927257408 4049764.336386059
611822.3839364415 4049766.0462707765
611820.3751471422 4049767.7561554946
611818.3663578429 4049769.466040212
611816.1894172579 4049770.8349912586
611814.0124766729 4049772.2039423045
611811.8355360879 4049773.572893351
611809.658595503 4049774.941844397
611807.0443344584 4049775.8855301845
611804.430073414 4049776.8292159718
611801.8158123696 4049777.7729017586
611799.2015513252 4049778.716587546
611796.3643945551 4049779.143720583
611793.527237785 4049779.5708536203
611790.690081015 4049779.9979866575
611787.8529242451 4049780.425119695
611785.1261020044 4049780.2817854197
611782.3992797639 4049780.1384511446
611779.6724575233 4049779.9951168695
611776.9456352827 4049779.8517825943
611774.3950247644 4049779.4560725214
611771.844414246 4049779.060362448
611769.2938037277 4049778.664652375
611766.7431932093 4049778.268942302
611764.333696444 4049777.5994543703
611761.9241996788 4049776.929966438
611759.5147029136 4049776.260478506
611757.1052061483 4049775.590990574
611754.8557586772 4049774.941065496
611752.606311206 4049774.291140418
611750.3568637349 4049773.6412153402
611748.1074162638 4049772.991290262
611745.8579687927 4049772.3413651837
611743.6085213216 4049771.691440106
611741.3590738504 4049771.041515028
611739.1096263793 4049770.39158995
611736.8601789082 4049769.7416648716
611734.6107314371 4049769.091739794
611732.361283966 4049768.441814716
611730.1118364949 4049767.7918896377
611727.8623890238 4049767.1419645594
611725.6129415527 4049766.4920394816
611723.3634940814 4049765.842114404
611721.1140466103 4049765.1921893256
611718.5534918116 4049764.397019943
611715.9929370129 4049763.6018505613
611713.4323822142 4049762.8066811794
611710.8718274155 4049762.011511797
611708.3112726168 4049761.2163424147
611705.7507178182 4049760.421173033
611703.1901630195 4049759.626003651
611700.6296082208 4049758.8308342686
611698.0690534221 4049758.0356648862
611695.5084986234 4049757.2404955043
611692.9479438247 4049756.4453261225
611690.387389026 4049755.65015674
611687.8268342273 4049754.854987358
611685.2662794286 4049754.0598179763
611682.7057246299 4049753.264648594
611680.1451698312 4049752.469479212
611677.9920231616 4049751.766794177
611675.8388764921 4049751.064109141
611673.6857298226 4049750.3614241052
611671.5325831531 4049749.6587390695
611669.3794364836 4049748.9560540337
611667.2262898141 4049748.2533689984
611665.0731431446 4049747.550683963
611662.9199964751 4049746.8479989273
611660.7668498056 4049746.1453138916
611658.6137031361 4049745.442628856
611656.4605564666 4049744.73994382
611654.3074097971 4049744.0372587848
611652.1542631276 4049743.3345737495
611650.0011164581 4049742.6318887137
611647.8479697886 4049741.929203678
611645.6948231191 4049741.226518642
611643.5416764496 4049740.5238336064
611641.3885297801 4049739.8211485706
611639.2353831106 4049739.118463535
611637.0822364411 4049738.4157784996
611634.9290897716 4049737.7130934643
611632.7759431021 4049737.0104084285
611630.6227964326 4049736.3077233927
611628.4696497631 4049735.605038357
611626.3165030936 4049734.902353321
611624.1633564241 4049734.199668286
611622.0102097546 4049733.4969832506
611619.8570630851 4049732.794298215
611617.7039164156 4049732.091613179
611615.5507697461 4049731.3889281433
611613.3976230766 4049730.6862431075
611611.2444764071 4049729.9835580722
611608.7872915629 4049729.264541965
611606.3301067186 4049728.545525858
611603.8729218743 4049727.8265097514
611601.4157370301 4049727.1074936446
611598.9585521859 4049726.388477538
611596.5013673416 4049725.6694614305
611594.0441824973 4049724.9504453233
611591.5869976531 4049724.2314292165
611589.7102096826 4049724.0365546453
611587.833421712 4049723.841680074
611585.9566337415 4049723.6468055034
611584.0798457711 4049723.4519309322
611582.2486550887 4049723.4687823476
611580.4174644065 4049723.485633763
611578.5862737242 4049723.5024851784
611576.755083042 4049723.519336594
611575.1583788655 4049723.850171554
611573.561674689 4049724.1810065145
611571.9649705124 4049724.5118414746
611570.3682663359 4049724.8426764347
611568.9332308013 4049725.3033696143
611567.4981952666 4049725.764062794
611566.0631597319 4049726.2247559736
611564.6281241972 4049726.6854491527
611563.134219761 4049727.4604910463
611561.6403153248 4049728.2355329394
611560.1464108885 4049729.010574833
611558.6525064523 4049729.7856167266
611556.513909009 4049731.2596371295
611554.3753115658 4049732.733657533
611552.0942284665 4049734.575510897
611549.8131453671 4049736.4173642616
611548.7674423144 4049737.5925616557
611547.7217392616 4049738.7677590502
611546.6760362089 4049739.9429564443
611545.6303331561 4049741.1181538384
611544.5111991718 4049742.7499339003
611543.3920651875 4049744.3817139617
611542.2729312032 4049746.013494023
611541.1537972189 4049747.645274085
611539.9687272948 4049749.858162688
611538.7836573708 4049752.071051291
611537.5985874468 4049754.2839398943
611536.4135175229 4049756.4968284974
611535.2284475989 4049758.7097171005
611534.0433776749 4049760.9226057036
611532.8583077509 4049763.1354943067
611531.6732378269 4049765.34838291
611530.4881679029 4049767.561271513
611529.3030979789 4049769.774160116
611528.118028055 4049771.987048719
611526.9329581308 4049774.199937322
611525.7478882067 4049776.4128259253
611524.5628182827 4049778.6257145284
611523.3777483588 4049780.8386031315
611522.1926784348 4049783.051491734
611521.1414342144 4049785.0040743183
611520.0901899941 4049786.956656903
611519.0389457737 4049788.9092394877
611517.9877015534 4049790.8618220724
611516.936457333 4049792.814404657
611515.8852131127 4049794.766987242
611514.8339688925 4049796.7195698265
611513.7827246721 4049798.672152411
611512.7314804518 4049800.624734996
611511.6802362315 4049802.5773175806
611510.6289920112 4049804.5299001653
611509.5777477908 4049806.4824827495
611508.5265035705 4049808.4350653337
611507.4752593501 4049810.3876479184
611506.4240151298 4049812.340230503
611505.3727709095 4049814.292813088
611504.3215266891 4049816.2453956725
611503.2702824688 4049818.197978257
611502.2190382484 4049820.150560842
611501.1677940281 4049822.1031434266
611500.1165498077 4049824.0557260113
611499.0653055874 4049826.008308596
611498.0140613671 4049827.9608911807
611496.9628171468 4049829.913473765
611495.9115729264 4049831.866056349
611494.8603287062 4049833.818638934
611493.8090844859 4049835.7712215185
611492.7578402655 4049837.723804103
611491.7065960452 4049839.676386688
611490.6553518248 4049841.6289692726
611489.6041076045 4049843.5815518573
611488.5528633841 4049845.534134442
611487.5527420596 4049847.282118043
611486.552620735 4049849.030101644
611485.5524994105 4049850.778085245
611484.552378086 4049852.526068846
611483.5522567616 4049854.2740524476
611482.552135437 4049856.0220360486
611481.5520141125 4049857.7700196495
611480.5518927879 4049859.5180032505
611479.5517714634 4049861.2659868514
611478.5516501388 4049863.0139704524
611477.5515288142 4049864.7619540533
611476.5514074897 4049866.5099376542
611475.5512861651 4049868.257921255
611474.5511648406 4049870.005904856
611473.551043516 4049871.753888457
611472.5509221916 4049873.5018720585
611471.6942407023 4049875.043098799
611470.837559213 4049876.584325539
611469.9808777238 4049878.1255522794
611469.1241962345 4049879.66677902
611468.2675147452 4049881.20800576
611467.410833256 4049882.7492325003
611466.5541517667 4049884.290459241
611465.6974702774 4049885.831685981
611464.8407887882 4049887.372912721
611463.9841072989 4049888.9141394612
611463.1274258096 4049890.4553662017
611462.2707443204 4049891.9965929417
611461.4140628311 4049893.537819682
611460.5573813418 4049895.0790464226
611459.7006998525 4049896.6202731626
611458.8440183633 4049898.161499903
611458.0569408142 4049899.5996318674
611457.2698632652 4049901.037763831
611456.4827857162 4049902.4758957955
611455.6957081672 4049903.91402776
611454.9086306181 4049905.3521597236
611454.1215530691 4049906.790291688
611453.3344755201 4049908.2284236522
611452.547397971 4049909.666555616
611451.760320422 4049911.1046875804
611450.973242873 4049912.5428195447
611450.186165324 4049913.9809515085
611449.3990877749 4049915.419083473
611448.6120102259 4049916.857215437
611447.8249326769 4049918.295347401
611447.0378551278 4049919.7334793652
611446.2507775788 4049921.1716113295
611445.4205547196 4049922.7032191334
611444.5903318604 4049924.234826937
611443.7601090011 4049925.7664347403
611442.9298861418 4049927.298042544
611442.0996632825 4049928.829650348
611441.2694404232 4049930.3612581515
611440.439217564 4049931.892865955
611439.6089947047 4049933.424473759
611438.7787718454 4049934.9560815627
611437.9485489861 4049936.487689366
611437.1183261268 4049938.0192971695
611436.2881032677 4049939.5509049734
611435.4578804085 4049941.0825127773
611434.6276575492 4049942.6141205807
611433.79743469 4049944.145728384
611432.9672118307 4049945.677336188
611432.0013517115 4049947.3331854097
611431.0354915923 4049948.9890346313
611430.069631473 4049950.6448838534
611429.1037713538 4049952.300733075
611427.5452893899 4049954.650144309
611425.986807426 4049956.999555543
611424.5791006456 4049958.964888639
611423.1713938654 4049960.930221735
611421.0406880877 4049962.743733194
611419.7184768836 4049963.4850313496
611418.3962656796 4049964.226329505
611416.7344565635 4049964.665674111
611415.0726474473 4049965.105018717
611412.1123769786 4049965.111740816
611409.4794429983 4049964.6664375938
611407.6574928769 4049964.1827518432
611405.8355427554 4049963.6990660927
611404.0918448528 4049962.7336730473
611402.3481469502 4049961.768280002
611400.645165563 4049959.763721198
611398.9421841757 4049957.7591623934
611397.6907323545 4049955.994781864
611396.4392805335 4049954.2304013344
611395.1878287124 4049952.466020805
611393.9363768913 4049950.701640275
611392.6066554461 4049948.7963893516
611391.276934001 4049946.891138429
611389.9472125559 4049944.9858875056
611388.6174911107 4049943.0806365823
611387.6892749006 4049941.7159862164
611386.7610586906 4049940.3513358505
611385.8328424806 4049938.9866854846
611384.9046262705 4049937.6220351183
611383.9764100604 4049936.257384752
611383.0481938504 4049934.892734386
611382.1199776405 4049933.52808402
611381.1917614304 4049932.1634336542
611380.2635452203 4049930.7987832883
611379.3353290103 4049929.434132922
611378.4071128003 4049928.0694825556
611377.4788965902 4049926.7048321897
611376.5506803801 4049925.340181824
611375.62246417 4049923.975531458
611374.6942479599 4049922.610881092
611373.7660317499 4049921.2462307257
611372.7602549747 4049919.8240566077
611371.7544781996 4049918.401882489
611370.7487014245 4049916.979708371
611369.7429246493 4049915.557534253
611368.7371478741 4049914.135360135
611367.7313710989 4049912.7131860172
611366.7255943237 4049911.2910118992
611365.7198175485 4049909.8688377813
611364.7140407733 4049908.4466636633
611363.7082639982 4049907.0244895453
611362.702487223 4049905.6023154273
611361.6967104478 4049904.1801413093
611360.6909336726 4049902.7579671913
611359.6851568974 4049901.3357930733
611358.6793801222 4049899.9136189553
611357.673603347 4049898.4914448373
611356.6678265719 4049897.0692707193
611355.6620497967 4049895.6470966013
611354.6562730215 4049894.2249224833
611353.6504962463 4049892.8027483653
611352.6447194711 4049891.3805742473
611351.6389426959 4049889.9584001293
611350.6331659207 4049888.536226011
611349.6273891455 4049887.114051893
611348.6216123704 4049885.691877775
611347.6158355952 4049884.2697036564
611346.61005882 4049882.8475295384
611345.6042820448 4049881.4253554204
611344.5985052696 4049880.0031813025
611343.5927284944 4049878.5810071845
611342.5869517192 4049877.1588330665
611341.5811749441 4049875.7366589485
611340.3009704457 4049873.93194505
611339.0207659474 4049872.127231152
611337.7405614492 4049870.3225172535
611336.4603569509 4049868.5178033556
611335.1801524526 4049866.7130894577
611333.8999479543 4049864.9083755594
611332.619743456 4049863.103661661
611331.3395389577 4049861.2989477627
611330.0593344594 4049859.4942338644
611328.779129961 4049857.6895199665
611327.4989254627 4049855.8848060686
611326.2187209644 4049854.0800921703
611324.9385164661 4049852.275378272
611323.6583119677 4049850.4706643736
611322.3781074695 4049848.6659504753
611321.0979029712 4049846.8612365774
611319.8117113274 4049845.064829467
611318.5255196835 4049843.268422356
611317.2393280396 4049841.4720152454
611315.9531363957 4049839.675608135
611314.6669447517 4049837.879201024
611313.380753108 4049836.0827939133
611312.0945614642 4049834.286386803
611310.8083698202 4049832.489979692
611309.5221781763 4049830.6935725813
611308.2359865325 4049828.8971654708
611306.9497948887 4049827.10075836
611305.6636032448 4049825.3043512492
611304.3774116009 4049823.5079441387
611303.0912199571 4049821.7115370277
611301.8050283133 4049819.915129917
611300.5188366694 4049818.1187228067
611299.2326450255 4049816.322315696
611297.9464533817 4049814.5259085856
611296.6602617379 4049812.7295014746
611295.374070094 4049810.933094364
611294.08787845 4049809.1366872536
611292.8016868063 4049807.3402801426
611291.5154951625 4049805.543873032
611290.2293035185 4049803.7474659216
611288.9431118746 4049801.9510588106
611287.6569202308 4049800.1546517
611286.370728587 4049798.3582445895
611285.0845369431 4049796.5618374785
611283.7983452992 4049794.765430368
611282.5121536554 4049792.9690232575
611281.2259620116 4049791.1726161465
611279.9397703677 4049789.376209036
611279.0479946684 4049788.1478709076
611278.156218969 4049786.9195327796
611277.2644432697 4049785.691194651
611276.3726675705 4049784.4628565228
611275.4808918713 4049783.2345183943
611274.5891161719 4049782.006180266
611273.6973404726 4049780.7778421375
611272.8055647733 4049779.549504009
611271.9137890739 4049778.3211658807
611271.0220133746 4049777.092827752
611270.1302376753 4049775.8644896243
611269.238461976 4049774.636151496
611268.3466862768 4049773.4078133674
611267.4549105775 4049772.1794752395
611266.5631348782 4049770.951137111
611265.6713591788 4049769.7227989826
611264.7795834795 4049768.494460854
611263.8878077802 4049767.266122726
611262.9960320808 4049766.037784598
611262.1042563816 4049764.8094464694
611261.2124806824 4049763.581108341
611260.3207049831 4049762.352770213
611259.4289292837 4049761.1244320846
611258.5371535844 4049759.896093956
611257.6453778851 4049758.667755828
611256.7536021859 4049757.4394176994
611255.8618264867 4049756.211079571
611254.9700507873 4049754.9827414425
611254.078275088 4049753.754403314
611253.1864993887 4049752.5260651857
611252.2947236893 4049751.2977270577
611251.4029479901 4049750.0693889293
611250.3386212946 4049748.6601294195
611249.274294599 4049747.2508699093
611248.2099679034 4049745.8416103995
611247.1456412079 4049744.43235089
611246.0813145124 4049743.02309138
611245.0169878169 4049741.6138318703
611243.9526611214 4049740.20457236
611242.8883344259 4049738.7953128503
611241.8240077303 4049737.3860533405
611240.7596810348 4049735.9767938303
611239.6953543393 4049734.5675343205
611238.6310276438 4049733.1582748108
611237.5667009483 4049731.749015301
611236.5023742528 4049730.3397557912
611235.4380475573 4049728.930496281
611234.3737208617 4049727.5212367713
611232.7980115325 4049725.5255377814
611231.2223022033 4049723.529838792
611229.6465928741 4049721.5341398027
611228.0708835449 4049719.5384408133
611226.4951742156 4049717.542741824
611224.9194648864 4049715.547042834
611223.3437555572 4049713.5513438443
611221.7680462279 4049711.555644855
611220.407458867 4049709.932026048
611219.046871506 4049708.3084072415
611218.0721093772 4049707.0684654294
611217.0973472486 4049705.8285236172
611216.1225851199 4049704.588581805
611215.1478229912 4049703.3486399935
