611223.1698809668 4049720.5628366303
611211.1842163627 4049703.179158473
611204.1453682819 4049691.894570409
611199.4268007032 4049682.7095700717
611194.9580836345 4049672.6221074136
611188.0272098974 4049658.4997379608
611177.1590234551 4049633.8696243516
611164.6264397323 4049603.347351251
611154.7414811992 4049580.304039043
611146.1334220764 4049561.7678123396
611137.5918890878 4049543.2282411307
611131.3394874905 4049525.3482444584
611126.8866360008 4049507.5086842724
611124.5681373115 4049489.56718795
611123.8790570428 4049469.312370433
611123.9159157961 4049444.1855478976
611124.0463872969 4049427.6470984262
611124.3003424238 4049411.2432590104
611124.8751061336 4049391.06819337
611126.3706380011 4049366.70446294
611127.5772519215 4049341.4897665596
611128.4553510613 4049322.7824434745
611129.7557929512 4049305.5922737154
611132.2951674458 4049294.9404516877
611136.7750780365 4049286.7412264715
611142.3379880361 4049279.610117234
611150.3134056311 4049273.3761803866
611161.5902069294 4049268.5447000423
611172.4862785868 4049266.7867650134
611182.750985366 4049267.7644810136
611195.2696600549 4049271.831055792
611203.9094745348 4049278.125547144
611211.8899010279 4049287.8517702683
611215.7203680495 4049295.8861117144
611218.2677131569 4049303.959830435
611219.158012141 4049311.4283791403
611217.9531245149 4049320.0049929144
611214.5897649988 4049329.1686721994
611211.6379129294 4049337.165784812
611208.6292376635 4049346.167259877
611205.9669171134 4049355.2381015364
611202.5175875862 4049367.666644853
611199.7663097612 4049381.0774237863
611197.8633512681 4049392.50734773
611196.7145148284 4049403.8034805055
611195.8295244025 4049415.3602487184
611195.3079312705 4049427.9717901824
611195.4718021908 4049444.02132203
611196.9408649873 4049461.245093907
611199.1903115198 4049476.373249049
611201.9576543435 4049492.65005131
611203.9994770981 4049505.335303382
611206.3734816571 4049517.833982899
611207.4975995506 4049522.266941411
611209.4435638841 4049526.454564726
611213.2783888984 4049532.399847424
611218.4493244446 4049537.813557129
611221.6770589211 4049540.2945654453
611226.8255780757 4049543.1648303326
611231.7096808649 4049545.013177664
611235.8131862824 4049546.1234013485
611239.6468992286 4049546.7266883994
611242.7850263481 4049546.945376555
611246.9427642251 4049546.54664735
611252.0602125266 4049545.4518225896
611263.4553389294 4049543.122199285
611279.2315119337 4049539.4187806174
611304.9724283181 4049533.584363632
611329.5131921378 4049528.0291586868
611349.1833047913 4049523.6949299127
611374.2034631264 4049518.0050008814
611398.5241383385 4049512.6828782954
611421.1806943408 4049507.5023252238
611438.6704236288 4049503.401274374
611449.3815611522 4049500.2142344858
611457.6620720074 4049495.475962105
611464.9297480409 4049489.356459081
611471.2328590174 4049482.19562005
611474.9107483284 4049476.3994610566
611477.7237907546 4049470.479215159
611480.2655992 4049461.027099724
611481.9018597625 4049446.849179853
611483.5451196204 4049430.407574754
611485.1596082762 4049412.0977358446
611486.4542898089 4049397.6573265693
611489.1263537528 4049368.831217119
611490.9188812721 4049348.572362525
611492.4311940213 4049325.7184213838
611492.6885635691 4049313.242094521
611491.9099486046 4049299.5618856535
611491.0653698728 4049287.7039653645
611489.5873801942 4049277.3352368786
611487.4975295188 4049265.526465697
611484.5888913618 4049251.2501334767
611481.7979779172 4049239.872575024
611477.8371677399 4049224.762411279
611473.3377362976 4049208.424394367
611468.7148657531 4049191.0035654916
611457.8547028862 4049151.8655045037
611445.7407257141 4049105.7396284575
611441.1617048717 4049088.2456534854
611437.3719197349 4049074.6958227106
611434.0133335222 4049063.627508042
611432.3368777467 4049055.7312235595
611431.4449751404 4049047.2959310766
611431.8978584778 4049038.01309448
611433.6930615533 4049031.106217377
611436.8050182415 4049022.426274694
611441.0611371474 4049014.3107637228
611445.8267125016 4049007.5259295176
611452.046945318 4049002.1018812065
611460.9726171765 4048996.4986785008
611467.5394304983 4048993.196048561
611476.2513857662 4048990.080915681
611483.5199518661 4048987.9774645194
611490.719591832 4048986.8099769624
611496.7505795689 4048986.3890625294
611503.5191276489 4048986.4353404245
611511.3563105575 4048986.756522711
611520.9337636973 4048987.6975009404
611535.1813550396 4048989.8703332366
611543.8684006836 4048991.062610932
611554.2602974717 4048992.581394796
611566.7115686557 4048994.664751646
611580.8743069115 4048997.0487413085
611591.0029244928 4048999.211601101
611603.884347715 4049001.655159288
611616.0449955913 4049004.048628346
611626.0027295758 4049006.0677309525
611644.4985981724 4049009.723779894
611656.7566955717 4049012.165775315
611672.1166872 4049014.8404736742
611689.6874415475 4049018.1712864703
611702.4831764745 4049020.2193828207
611714.1568323233 4049022.115752612
611725.0299873988 4049023.8252435317
611741.9623354174 4049026.1979738777
611757.4237286102 4049028.8194930893
611770.8298609733 4049031.3963263514
611782.1214363992 4049033.488932102
611793.4800990281 4049035.6575298747
611802.7942699047 4049037.5654288917
611809.8036554 4049039.0076243924
611815.5255720376 4049039.826119209
611823.4581704726 4049041.1813077647
611829.2944536849 4049042.3612042572
611833.041825546 4049043.646882566
611837.1427641405 4049045.4370074617
611841.7302564074 4049048.2793519944
611845.2301983548 4049051.765011931
611847.8129779687 4049055.5321497032
611850.322254138 4049059.9724770254
611854.1627416587 4049067.7103166943
611859.5581930773 4049077.12537979
611863.8095597522 4049084.9801095813
611868.9084617014 4049094.8380542477
611873.1726101842 4049103.549356052
611879.6684252102 4049117.5972508667
611885.1189488458 4049130.1330921557
611889.2134474452 4049141.3515020264
611892.2920959708 4049151.57681841
611894.7427253056 4049162.8201899547
611897.2260598147 4049175.140209617
611898.7274500855 4049184.8023819304
611900.0263170392 4049196.269391692
611901.3565254748 4049211.60778545
611901.7704822067 4049221.7226415416
611902.0494357824 4049232.6055954495
611902.095547157 4049244.3184876572
611901.9254397431 4049258.253819418
611901.9197229425 4049270.894357131
611901.6684147783 4049281.625350538
611901.2236453122 4049294.9061342804
611901.5255290081 4049305.484997674
611902.1154251179 4049318.010845002
611903.254120343 4049336.640122626
611903.8727793806 4049351.095215865
611903.9564879033 4049355.645384139
611904.1062158651 4049372.4392227293
611903.8478547544 4049386.7925051185
611903.1228055308 4049400.4920602497
611902.2724892962 4049415.795485863
611901.7903851526 4049421.850624585
611900.8139865856 4049435.594501225
611900.2525434674 4049441.805838228
611899.8660060863 4049447.448579884
611899.7959869015 4049452.946958378
611900.071357 4049458.849898061
611901.0207795982 4049466.242524973
611902.8074202894 4049474.808226231
611904.5457962737 4049482.370327995
611906.3398545565 4049489.3842951604
611907.5583770665 4049493.846611674
611909.9889962894 4049501.7897962052
611912.0724124911 4049508.381231354
611914.3604616085 4049515.2242153636
611916.551274207 4049521.136842146
611917.8049553015 4049525.1894153915
611918.949074559 4049528.800297393
611919.8804067937 4049532.486985216
611920.3281389037 4049536.341924779
611920.3443760712 4049539.250531677
611919.9070971151 4049543.883308697
611919.2934447577 4049547.0636450215
611918.119548824 4049550.5496881106
611916.433261188 4049553.83776105
611914.4784893574 4049556.2595091835
611912.01774276 4049558.5806703987
611908.7570471321 4049560.632184084
611905.0689210293 4049562.2517672936
611901.3690763845 4049562.9596915166
611898.0165508494 4049563.373549193
611893.2359137884 4049563.7124937093
611888.1462545828 4049564.0709150066
611885.3539198446 4049564.2645033337
611882.6509659084 4049564.744266044
611879.7234387115 4049565.334848554
611877.0453446199 4049566.616839235
611874.8518404578 4049568.001249371
611872.5019155979 4049570.1188915237
611870.0402027989 4049573.170460545
611868.7222272712 4049576.3103960515
611867.6089271401 4049579.6521504326
611866.5850172839 4049583.678118161
611865.4647054056 4049588.627847888
611864.5444079096 4049594.4762432785
611863.1126343588 4049604.091367765
611862.3386503841 4049610.1222152226
611861.4011015405 4049619.5295403777
611860.9025015472 4049628.47190427
611860.981656465 4049637.175594113
611862.1579003274 4049650.2001830935
611864.1641277771 4049665.7164039626
611864.56112995 4049674.6765601267
611864.5835263466 4049683.071186529
611863.6370805004 4049693.8063676404
611862.3126167288 4049703.5831875573
611860.3772330305 4049713.1209865203
611857.95103026 4049723.6512174816
611855.7257034535 4049731.202660485
611853.0113999958 4049738.372264631
611850.0883430243 4049744.4955177694
611846.5144172827 4049750.5047169975
611842.3145890959 4049756.3155813636
611836.9009178363 4049762.1280500204
611831.698847204 4049767.475189958
611827.519331784 4049771.0484223673
611820.7956598934 4049776.0817449884
611812.8733278429 4049780.9265930643
611806.0260393979 4049783.914084125
611797.011512727 4049786.496106152
611789.8992952835 4049787.5627796976
611785.4513186718 4049787.782511375
611779.6999014396 4049787.403237495
611772.984886227 4049786.0360799073
611763.9733458047 4049783.969418694
611754.9645685 4049781.3903918713
611746.3977144806 4049779.055860816
611733.9323470856 4049775.236953443
611722.2486191124 4049771.6603030683
611711.1642273872 4049768.0528365923
611698.1122591335 4049763.975353672
611681.601014033 4049758.5024362253
611665.2790598597 4049753.522527583
611651.2327838317 4049748.929434622
611636.158748436 4049744.1746692336
611622.4131210207 4049739.8245459604
611608.3791934247 4049735.263990356
611597.574176035 4049731.7051127683
611590.8154865865 4049729.694933878
611585.8302453058 4049728.8468987294
611581.352586712 4049728.4954798017
611576.6748306516 4049728.6633991175
611571.9048451653 4049729.5326861
611567.1437721192 4049730.8996841405
611562.0705621662 4049733.072609137
611557.2911779729 4049736.2059584763
611553.471268465 4049739.4852126776
611549.9603530308 4049743.724757268
611546.0724805318 4049749.4977555624
611543.260230084 4049754.483756043
611539.0102614816 4049762.6209252602
611534.5931762139 4049770.5496885665
611529.8821392761 4049779.400272526
611525.2565504255 4049788.0499521643
611520.6853740301 4049796.419634597
611513.3630959177 4049809.6981319194
611507.8963249491 4049820.145868312
611501.4412220016 4049831.7162993504
611494.874329482 4049843.8647994315
611487.2769719737 4049857.488634269
611480.9806849184 4049869.2810846167
611473.8911515304 4049882.0155641055
611466.533833424 4049895.875863933
611459.8661043114 4049907.8579009143
611451.3945341789 4049923.3670596997
611444.68457311 4049936.061629307
611438.3902289935 4049947.712706424
611433.623179523 4049956.427887399
611430.3184343528 4049961.994016579
611427.4408536411 4049965.7949121953
611423.6785909402 4049968.9547453
611420.4201302422 4049970.706202651
611417.4716127685 4049971.809196908
611415.2223651048 4049972.355925034
611412.5329517355 4049972.493815134
611409.7492860993 4049972.41299504
611407.1293471387 4049971.9193942193
611404.2175998938 4049970.9531464577
611401.573226065 4049969.614876262
611399.0055561354 4049967.8936897614
611396.8434370889 4049966.088091407
611393.5321882393 4049962.0394763136
611388.154354945 4049954.4864149536
611381.846154802 4049945.647412995
611375.9430248562 4049937.131565122
611370.9536022245 4049929.8519470105
611362.9916765024 4049918.5357336868
611354.9089651989 4049906.9651852376
611345.6095509648 4049894.0313744163
611328.0988136432 4049868.954266952
611310.9105074841 4049844.773849025
611289.179086134 4049813.9266200424
611273.6604120301 4049791.8509136555
611261.2357827276 4049774.238071444
611247.8538567452 4049755.4529327303
611235.9080102036 4049738.6514584227
611228.8143069732 4049728.576290685
