611232.0811957187 4049714.4859072855
611209.2749905365 4049680.25084901
611201.236504692 4049663.690163632
611201.2948715728 4049663.5662187478
611181.8116525683 4049616.9827841604
611167.4362523757 4049583.4605698874
611158.7660672055 4049564.0089508886
611151.2182131358 4049546.5813373597
611145.2929857314 4049532.104192767
611141.4654236005 4049519.767888407
611137.3701988951 4049502.616187995
611135.7240475551 4049491.690709637
611135.2598302925 4049464.939683919
611135.2824351774 4049448.034617171
611136.6073561603 4049397.972543239
611138.3299645947 4049365.8697731327
611140.8557100508 4049314.9015063285
611142.6297821715 4049301.929475473
611143.974163328 4049297.765199341
611146.7575564794 4049293.402360469
611149.981385792 4049289.276551716
611154.1522181116 4049286.019499532
611161.3437784503 4049283.0339608546
611168.1861626703 4049282.8716586498
611189.0046506186 4049287.0303873615
611193.1760566037 4049288.4834305835
611198.8936631768 4049292.126814331
611201.8490704887 4049295.348367392
611204.5472418235 4049300.279401667
611206.5758583836 4049305.675939106
611207.6373824292 4049311.2084674737
611207.1716247831 4049316.2986296644
611205.3503321977 4049322.298536492
611199.7042668111 4049337.063498996
611195.9296423842 4049348.1004994493
611190.1343666149 4049370.304606977
611187.3400840707 4049384.051571918
611185.1442998603 4049401.6060797633
611183.949462167 4049417.9601964913
611183.4823778449 4049438.0978912613
611184.5282426686 4049453.963134049
611187.3391514972 4049475.421106995
611192.2610892364 4049505.079249248
611193.219447586 4049511.184742844
611194.43396066 4049518.607786214
611196.5932725909 4049525.919445677
611199.152443771 4049531.885372246
611203.0842791172 4049538.5772917983
611206.7864069851 4049542.831726555
611211.1038809201 4049546.9738815194
611215.7712231736 4049550.56047074
611220.2544628117 4049553.013223971
611225.3901061065 4049555.4541282123
611230.1127565628 4049556.73282221
611235.7843631493 4049557.9720653673
611241.4424660653 4049558.5662279706
611247.1131797812 4049558.2083770866
611253.3189089991 4049557.219506421
611260.3291842955 4049555.645086495
611311.1896891274 4049544.3268504394
611353.4115404203 4049534.7858317643
611420.7543197516 4049519.666163434
611442.4427514113 4049515.166355172
611452.597812138 4049511.5068168524
611460.6535905448 4049507.7956830915
611467.2119815763 4049503.2947966405
611473.5595875931 4049497.49148182
611478.6405951929 4049492.2159359558
611483.331151565 4049485.7891964107
611486.4362768976 4049480.1451578224
611489.1435370875 4049473.657415115
611490.8942020072 4049468.157725632
611492.4257249183 4049459.5883717015
611493.0736803062 4049451.8725425745
611493.9168337532 4049443.545853619
611494.8831929843 4049435.1667264653
611498.2525475898 4049396.596869225
611500.0556337544 4049378.2685342706
611501.4077116813 4049365.196022172
611503.3238541697 4049343.5612254315
611504.296484374 4049330.0912684095
611504.6253181581 4049315.342610358
611504.1317548526 4049305.08926897
611503.2341435023 4049294.01773148
611502.5602600134 4049284.1611997113
611501.1120178429 4049273.7010867023
611499.1952191559 4049261.9263949795
611494.6030672322 4049242.061224014
611485.2570055578 4049206.488247222
611476.6570209125 4049176.0557439374
611468.9185938733 4049147.475402347
611457.3503785499 4049104.2759386925
611448.1764979305 4049070.0606439793
611445.1632034081 4049059.975874817
611443.3009595808 4049048.6956530926
611443.6380697208 4049041.74152468
611444.7498755723 4049034.976326429
611448.1054868918 4049026.6169098783
611451.4171808996 4049020.2369926483
611456.5955411037 4049014.487855856
611462.7805977513 4049009.020422039
611467.970400725 4049005.75984197
611473.3162938041 4049003.101512266
611480.6388484226 4049000.773952332
611488.0720784803 4048998.93673227
611502.451887817 4048996.749765436
611512.7725329513 4048996.5273476862
611522.130446767 4048997.0273589175
611532.9135427756 4048998.5124417283
611555.1695029775 4049001.6363134566
611571.6479034484 4049004.5761851436
611586.9225544082 4049007.558693639
611614.7427507155 4049013.1502967253
611650.9094995623 4049020.598426898
611670.6639614555 4049024.1402138653
611715.5554436963 4049031.7067364426
611749.4371037644 4049036.954767717
611767.9737536465 4049040.1743045826
611805.104905349 4049047.338331732
611827.9445642448 4049051.437794767
611833.246737271 4049053.43841756
611836.3813682988 4049055.5079372055
611839.7375967924 4049058.887699398
611841.9730286478 4049063.0356789925
611845.7620851636 4049070.264584762
611850.0575031497 4049079.325664092
611852.9172775187 4049084.863698164
611857.1510352923 4049093.290988959
611864.6464250848 4049108.030338874
611870.3500316263 4049119.492620553
611873.5349123685 4049125.93298562
611875.9451347002 4049131.815053323
611878.346469837 4049137.932683275
611881.5232726733 4049147.8868146664
611883.3522012557 4049154.7071154537
611886.2113815339 4049167.9193311553
611887.8598389871 4049177.4870497813
611889.7418065926 4049188.4137355485
611891.0266662801 4049199.687791905
611892.0843663672 4049211.3627184364
611892.594952196 4049220.8277291977
611892.7995968104 4049230.0643979153
611892.8703922002 4049240.372226435
611892.6966151294 4049249.334080343
611892.6603384431 4049261.648783509
611892.5196527008 4049266.663113255
611892.108113318 4049289.582183224
611892.0758951254 4049305.419877414
611892.7534773413 4049321.879893171
611893.9111170251 4049339.2808452467
611894.3668654272 4049351.239257094
611894.7165022566 4049370.262123576
611894.4056265036 4049387.9827964255
611893.8173989519 4049399.5941145984
611893.2533790916 4049411.289921694
611892.318227366 4049424.0724058882
611891.2610089008 4049435.9037169754
611890.7518403139 4049443.902213433
611890.6383213496 4049453.2071920377
611890.9308711318 4049459.9591741078
611892.1077060939 4049469.864674138
611893.6289331132 4049478.9334524316
611897.1773062672 4049495.108654743
611900.1478210496 4049506.7128993166
611902.9731115638 4049516.691750751
611907.3097603439 4049529.7170430194
611908.4783006697 4049535.0723528746
611908.8177322502 4049539.302449452
611908.6486588859 4049541.5097936643
611907.9450809046 4049544.459336386
611907.1029974445 4049546.6147957575
611905.8211118189 4049548.6748620765
611903.8771026402 4049550.1622161507
611901.7042849915 4049551.23357897
611899.3177812733 4049551.9673335343
611894.3658231781 4049552.4461940276
611888.4273103289 4049552.734504787
611881.7105376417 4049553.2330179946
611877.2362936868 4049554.3268953618
611874.7929453532 4049555.029540534
611872.9805700333 4049555.8018452846
611870.7226287329 4049557.088040843
611868.6062054676 4049558.3665113356
611866.1359412844 4049560.0597797115
611864.2133000948 4049561.9757814743
611862.3419608306 4049563.95416638
611860.8665039975 4049566.097728425
611859.0957093525 4049569.137276141
611857.5713852595 4049572.859353089
611856.4784471183 4049576.864214239
611855.7538826815 4049579.747033372
611854.3700283191 4049587.5812549363
611853.4364879534 4049593.5516555146
611851.9654383532 4049603.438608364
611850.3005308618 4049616.8170441035
611849.5573394889 4049624.4424976674
611849.4177100051 4049627.701482297
611849.2754857412 4049635.631122679
611849.4551598233 4049644.472027306
611850.1673638619 4049652.5715427566
611851.087584486 4049658.0007393197
611852.1778086518 4049666.7074833824
611852.4149224695 4049671.69171483
611852.6714574533 4049677.1674601403
611852.5312597639 4049683.1297004363
611851.8389476588 4049690.6115813702
611850.9376433596 4049697.457823858
611849.60678746 4049705.1444068737
611847.9045364975 4049713.218940667
611846.1205618231 4049720.1581074684
611844.0047036973 4049727.295205275
611842.1409084699 4049732.0560556445
611839.7776024366 4049737.1228872123
611837.0800547358 4049741.729685515
611833.6680871071 4049746.7029269296
611828.1893625169 4049752.9786505653
611822.444724476 4049759.0243304516
611816.7886585345 4049764.0918111554
611812.5401530691 4049767.5749837155
611808.0916690637 4049770.214366693
611801.4445117069 4049773.0882594027
611795.5632292917 4049774.802129763
611791.2774065378 4049775.562926449
611786.8861271107 4049775.883168343
611782.487666735 4049775.8234537183
611777.8676299889 4049775.212098377
611771.4059339225 4049773.7585947085
611760.3721928813 4049770.972911265
611744.9816153853 4049766.380261801
611734.0990492378 4049763.2175005586
611721.366538302 4049759.094483211
611710.5431922257 4049755.777097046
611669.8039509843 4049742.8097501406
611632.7455672373 4049730.9003985506
611614.5071609688 4049725.189762238
611599.6142185013 4049720.2201128136
611590.4499380521 4049717.7597515606
611583.2053164737 4049716.9386397875
611576.6557318764 4049717.0139105837
611567.6243156095 4049718.6621285593
611560.2005859984 4049721.373678068
611554.108655808 4049724.6098166015
611547.5723175702 4049729.4482784257
611541.5783969188 4049735.6464742566
611533.3026760727 4049748.9198406166
611509.3683286333 4049792.721640778
611486.9083350656 4049833.755391668
611469.5440252601 4049865.5650998247
611452.3648980318 4049897.3312742333
611424.7610275868 4049948.203691376
611419.9882162582 4049956.5842478652
611417.9887289878 4049958.688531897
611416.1709766497 4049959.996123699
611413.7980508186 4049960.6250824993
611411.7331265027 4049960.844754306
611409.5188439997 4049960.4346223823
611406.7004289281 4049959.1721789665
611404.2105284801 4049956.2885337225
611401.4711015905 4049953.2172862287
611398.8197974671 4049948.6333754994
611396.8446999793 4049942.402899651
611394.9299838056 4049938.043625117
611392.2724571538 4049933.8853559233
611379.2110342416 4049915.930822817
611366.6491268848 4049898.401374811
611340.2577611688 4049862.3850001963
611309.8605713985 4049820.867730603
611276.3231269217 4049776.254437742
611232.7428653372 4049715.5457757465

611223.1698809668 4049720.5628366303
611211.1842163627 4049703.179158473
611204.1453682819 4049691.894570409
611199.4268007032 4049682.7095700717
611194.9580836345 4049672.6221074136
611188.0272098974 4049658.4997379608
611177.1590234551 4049633.8696243516
611164.6264397323 4049603.347351251
611154.7414811992 4049580.304039043
611146.1334220764 4049561.7678123396
611137.5918890878 4049543.2282411307
611131.3394874905 4049525.3482444584
611126.8866360008 4049507.5086842724
611124.5681373115 4049489.56718795
611123.8790570428 4049469.312370433
611123.9159157961 4049444.1855478976
611124.0463872969 4049427.6470984262
611124.3003424238 4049411.2432590104
611124.8751061336 4049391.06819337
611126.3706380011 4049366.70446294
611127.5772519215 4049341.4897665596
611128.4553510613 4049322.7824434745
611129.7557929512 4049305.5922737154
611132.2951674458 4049294.9404516877
611136.7750780365 4049286.7412264715
611142.3379880361 4049279.610117234
611150.3134056311 4049273.3761803866
611161.5902069294 4049268.5447000423
611172.4862785868 4049266.7867650134
611182.750985366 4049267.7644810136
611195.2696600549 4049271.831055792
611203.9094745348 4049278.125547144
611211.8899010279 4049287.8517702683
611215.7203680495 4049295.8861117144
611218.2677131569 4049303.959830435
611219.158012141 4049311.4283791403
611217.9531245149 4049320.0049929144
611214.5897649988 4049329.1686721994
611211.6379129294 4049337.165784812
611208.6292376635 4049346.167259877
611205.9669171134 4049355.2381015364
611202.5175875862 4049367.666644853
611199.7663097612 4049381.0774237863
611197.8633512681 4049392.50734773
611196.7145148284 4049403.8034805055
611195.8295244025 4049415.3602487184
611195.3079312705 4049427.9717901824
611195.4718021908 4049444.02132203
611196.9408649873 4049461.245093907
611199.1903115198 4049476.373249049
611201.9576543435 4049492.65005131
611203.9994770981 4049505.335303382
611206.3734816571 4049517.833982899
611207.4975995506 4049522.266941411
611209.4435638841 4049526.454564726
611213.2783888984 4049532.399847424
611218.4493244446 4049537.813557129
611221.6770589211 4049540.2945654453
611226.8255780757 4049543.1648303326
611231.7096808649 4049545.013177664
611235.8131862824 4049546.1234013485
611239.6468992286 4049546.7266883994
611242.7850263481 4049546.945376555
611246.9427642251 4049546.54664735
611252.0602125266 4049545.4518225896
611263.4553389294 4049543.122199285
611279.2315119337 4049539.4187806174
611304.9724283181 4049533.584363632
611329.5131921378 4049528.0291586868
611349.1833047913 4049523.6949299127
611374.2034631264 4049518.0050008814
611398.5241383385 4049512.6828782954
611421.1806943408 4049507.5023252238
611438.6704236288 4049503.401274374
611449.3815611522 4049500.2142344858
611457.6620720074 4049495.475962105
611464.9297480409 4049489.356459081
611471.2328590174 4049482.19562005
611474.9107483284 4049476.3994610566
611477.7237907546 4049470.479215159
611480.2655992 4049461.027099724
611481.9018597625 4049446.849179853
611483.5451196204 4049430.407574754
611485.1596082762 4049412.0977358446
611486.4542898089 4049397.6573265693
611489.1263537528 4049368.831217119
611490.9188812721 4049348.572362525
611492.4311940213 4049325.7184213838
611492.6885635691 4049313.242094521
611491.9099486046 4049299.5618856535
611491.0653698728 4049287.7039653645
611489.5873801942 4049277.3352368786
611487.4975295188 4049265.526465697
611484.5888913618 4049251.2501334767
611481.7979779172 4049239.872575024
611477.8371677399 4049224.762411279
611473.3377362976 4049208.424394367
611468.7148657531 4049191.0035654916
611457.8547028862 4049151.8655045037
611445.7407257141 4049105.7396284575
611441.1617048717 4049088.2456534854
611437.3719197349 4049074.6958227106
611434.0133335222 4049063.627508042
611432.3368777467 4049055.7312235595
611431.4449751404 4049047.2959310766
611431.8978584778 4049038.01309448
611433.6930615533 4049031.106217377
611436.8050182415 4049022.426274694
611441.0611371474 4049014.3107637228
611445.8267125016 4049007.5259295176
611452.046945318 4049002.1018812065
611460.9726171765 4048996.4986785008
611467.5394304983 4048993.196048561
611476.2513857662 4048990.080915681
611483.5199518661 4048987.9774645194
611490.719591832 4048986.8099769624
611496.7505795689 4048986.3890625294
611503.5191276489 4048986.4353404245
611511.3563105575 4048986.756522711
611520.9337636973 4048987.6975009404
611535.1813550396 4048989.8703332366
611543.8684006836 4048991.062610932
611554.2602974717 4048992.581394796
611566.7115686557 4048994.664751646
611580.8743069115 4048997.0487413085
611591.0029244928 4048999.211601101
611603.884347715 4049001.655159288
611616.0449955913 4049004.048628346
611626.0027295758 4049006.0677309525
611644.4985981724 4049009.723779894
611656.7566955717 4049012.165775315
611672.1166872 4049014.8404736742
611689.6874415475 4049018.1712864703
611702.4831764745 4049020.2193828207
611714.1568323233 4049022.115752612
611725.0299873988 4049023.8252435317
611741.9623354174 4049026.1979738777
611757.4237286102 4049028.8194930893
611770.8298609733 4049031.3963263514
611782.1214363992 4049033.488932102
611793.4800990281 4049035.6575298747
611802.7942699047 4049037.5654288917
611809.8036554 4049039.0076243924
611815.5255720376 4049039.826119209
611823.4581704726 4049041.1813077647
611829.2944536849 4049042.3612042572
611833.041825546 4049043.646882566
611837.1427641405 4049045.4370074617
611841.7302564074 4049048.2793519944
611845.2301983548 4049051.765011931
611847.8129779687 4049055.5321497032
611850.322254138 4049059.9724770254
611854.1627416587 4049067.7103166943
611859.5581930773 4049077.12537979
611863.8095597522 4049084.9801095813
611868.9084617014 4049094.8380542477
611873.1726101842 4049103.549356052
611879.6684252102 4049117.5972508667
611885.1189488458 4049130.1330921557
611889.2134474452 4049141.3515020264
611892.2920959708 4049151.57681841
611894.7427253056 4049162.8201899547
611897.2260598147 4049175.140209617
611898.7274500855 4049184.8023819304
611900.0263170392 4049196.269391692
611901.3565254748 4049211.60778545
611901.7704822067 4049221.7226415416
611902.0494357824 4049232.6055954495
611902.095547157 4049244.3184876572
611901.9254397431 4049258.253819418
611901.9197229425 4049270.894357131
611901.6684147783 4049281.625350538
611901.2236453122 4049294.9061342804
611901.5255290081 4049305.484997674
611902.1154251179 4049318.010845002
611903.254120343 4049336.640122626
611903.8727793806 4049351.095215865
611903.9564879033 4049355.645384139
611904.1062158651 4049372.4392227293
611903.8478547544 4049386.7925051185
611903.1228055308 4049400.4920602497
611902.2724892962 4049415.795485863
611901.7903851526 4049421.850624585
611900.8139865856 4049435.594501225
611900.2525434674 4049441.805838228
611899.8660060863 4049447.448579884
611899.7959869015 4049452.946958378
611900.071357 4049458.849898061
611901.0207795982 4049466.242524973
611902.8074202894 4049474.808226231
611904.5457962737 4049482.370327995
611906.3398545565 4049489.3842951604
611907.5583770665 4049493.846611674
611909.9889962894 4049501.7897962052
611912.0724124911 4049508.381231354
611914.3604616085 4049515.2242153636
611916.551274207 4049521.136842146
611917.8049553015 4049525.1894153915
611918.949074559 4049528.800297393
611919.8804067937 4049532.486985216
611920.3281389037 4049536.341924779
611920.3443760712 4049539.250531677
611919.9070971151 4049543.883308697
611919.2934447577 4049547.0636450215
611918.119548824 4049550.5496881106
611916.433261188 4049553.83776105
611914.4784893574 4049556.2595091835
611912.01774276 4049558.5806703987
611908.7570471321 4049560.632184084
611905.0689210293 4049562.2517672936
611901.3690763845 4049562.9596915166
611898.0165508494 4049563.373549193
611893.2359137884 4049563.7124937093
611888.1462545828 4049564.0709150066
611885.3539198446 4049564.2645033337
611882.6509659084 4049564.744266044
611879.7234387115 4049565.334848554
611877.0453446199 4049566.616839235
611874.8518404578 4049568.001249371
611872.5019155979 4049570.1188915237
611870.0402027989 4049573.170460545
611868.7222272712 4049576.3103960515
611867.6089271401 4049579.6521504326
611866.5850172839 4049583.678118161
611865.4647054056 4049588.627847888
611864.5444079096 4049594.4762432785
611863.1126343588 4049604.091367765
611862.3386503841 4049610.1222152226
611861.4011015405 4049619.5295403777
611860.9025015472 4049628.47190427
611860.981656465 4049637.175594113
611862.1579003274 4049650.2001830935
611864.1641277771 4049665.7164039626
611864.56112995 4049674.6765601267
611864.5835263466 4049683.071186529
611863.6370805004 4049693.8063676404
611862.3126167288 4049703.5831875573
611860.3772330305 4049713.1209865203
611857.95103026 4049723.6512174816
611855.7257034535 4049731.202660485
611853.0113999958 4049738.372264631
611850.0883430243 4049744.4955177694
611846.5144172827 4049750.5047169975
611842.3145890959 4049756.3155813636
611836.9009178363 4049762.1280500204
611831.698847204 4049767.475189958
611827.519331784 4049771.0484223673
611820.7956598934 4049776.0817449884
611812.8733278429 4049780.9265930643
611806.0260393979 4049783.914084125
611797.011512727 4049786.496106152
611789.8992952835 4049787.5627796976
611785.4513186718 4049787.782511375
611779.6999014396 4049787.403237495
611772.984886227 4049786.0360799073
611763.9733458047 4049783.969418694
611754.9645685 4049781.3903918713
611746.3977144806 4049779.055860816
611733.9323470856 4049775.236953443
611722.2486191124 4049771.6603030683
611711.1642273872 4049768.0528365923
611698.1122591335 4049763.975353672
611681.601014033 4049758.5024362253
611665.2790598597 4049753.522527583
611651.2327838317 4049748.929434622
611636.158748436 4049744.1746692336
611622.4131210207 4049739.8245459604
611608.3791934247 4049735.263990356
611597.574176035 4049731.7051127683
611590.8154865865 4049729.694933878
611585.8302453058 4049728.8468987294
611581.352586712 4049728.4954798017
611576.6748306516 4049728.6633991175
611571.9048451653 4049729.5326861
611567.1437721192 4049730.8996841405
611562.0705621662 4049733.072609137
611557.2911779729 4049736.2059584763
611553.471268465 4049739.4852126776
611549.9603530308 4049743.724757268
611546.0724805318 4049749.4977555624
611543.260230084 4049754.483756043
611539.0102614816 4049762.6209252602
611534.5931762139 4049770.5496885665
611529.8821392761 4049779.400272526
611525.2565504255 4049788.0499521643
611520.6853740301 4049796.419634597
611513.3630959177 4049809.6981319194
611507.8963249491 4049820.145868312
611501.4412220016 4049831.7162993504
611494.874329482 4049843.8647994315
611487.2769719737 4049857.488634269
611480.9806849184 4049869.2810846167
611473.8911515304 4049882.0155641055
611466.533833424 4049895.875863933
611459.8661043114 4049907.8579009143
611451.3945341789 4049923.3670596997
611444.68457311 4049936.061629307
611438.3902289935 4049947.712706424
611433.623179523 4049956.427887399
611430.3184343528 4049961.994016579
611427.4408536411 4049965.7949121953
611423.6785909402 4049968.9547453
611420.4201302422 4049970.706202651
611417.4716127685 4049971.809196908
611415.2223651048 4049972.355925034
611412.5329517355 4049972.493815134
611409.7492860993 4049972.41299504
611407.1293471387 4049971.9193942193
611404.2175998938 4049970.9531464577
611401.573226065 4049969.614876262
611399.0055561354 4049967.8936897614
611396.8434370889 4049966.088091407
611393.5321882393 4049962.0394763136
611388.154354945 4049954.4864149536
611381.846154802 4049945.647412995
611375.9430248562 4049937.131565122
611370.9536022245 4049929.8519470105
611362.9916765024 4049918.5357336868
611354.9089651989 4049906.9651852376
611345.6095509648 4049894.0313744163
611328.0988136432 4049868.954266952
611310.9105074841 4049844.773849025
611289.179086134 4049813.9266200424
611273.6604120301 4049791.8509136555
611261.2357827276 4049774.238071444
611247.8538567452 4049755.4529327303
611235.9080102036 4049738.6514584227
611228.8143069732 4049728.576290685
