611303.4666408071 4049706.908695675
611302.2341512141 4049705.1774045536
611301.001661621 4049703.446113432
611299.7691720279 4049701.7148223105
611298.5366824348 4049699.983531189
611297.3041928418 4049698.252240068
611296.0717032487 4049696.5209489465
611294.8392136556 4049694.789657825
611293.6067240625 4049693.058366704
611292.3742344694 4049691.3270755825
611291.1417448763 4049689.595784461
611289.9092552832 4049687.86449334
611288.6767656902 4049686.1332022185
611287.4442760972 4049684.401911097
611286.2117865041 4049682.670619976
611284.979296911 4049680.939328854
611283.746807318 4049679.2080377326
611282.4031239595 4049677.305478206
611281.0594406012 4049675.4029186787
611279.7157572428 4049673.5003591515
611278.3720738844 4049671.5977996243
611277.028390526 4049669.695240097
611275.6847071676 4049667.79268057
611274.341023809 4049665.8901210427
611272.9973404506 4049663.9875615155
611271.6536570922 4049662.0850019883
611270.3099737337 4049660.182442461
611268.9662903753 4049658.279882934
611267.6226070169 4049656.3773234067
611266.2789236585 4049654.4747638796
611264.9352403001 4049652.5722043524
611263.5915569417 4049650.669644825
611262.2478735833 4049648.7670852984
611260.8039769514 4049646.693159654
611259.3600803196 4049644.6192340096
611257.9161836877 4049642.5453083655
611256.4722870558 4049640.4713827213
611255.0283904239 4049638.397457077
611253.584493792 4049636.323531433
611252.1405971602 4049634.249605789
611250.6967005283 4049632.175680144
611252.2505051142 4049631.405205711
611253.8043097002 4049630.634731278
611255.3581142861 4049629.8642568444
611256.911918872 4049629.093782411
611258.465723458 4049628.3233079775
611260.0195280439 4049627.552833544
611261.5733326299 4049626.7823591107
611263.1271372157 4049626.011884677
611264.6809418015 4049625.241410244
611266.2347463875 4049624.4709358104
611267.7885509734 4049623.700461377
611269.3423555593 4049622.9299869435
611270.8961601453 4049622.15951251
611272.4499647312 4049621.3890380766
611274.0037693172 4049620.6185636437
611275.5575739031 4049619.84808921
611277.1113784891 4049619.077614777
611278.665183075 4049618.307140344
611280.218987661 4049617.5366659104
611281.7727922469 4049616.766191477
611283.3265968328 4049615.9957170435
611284.8804014188 4049615.22524261
611286.4342060047 4049614.4547681767
611287.9880105907 4049613.684293743
611289.5418151766 4049612.91381931
611291.0956197625 4049612.1433448764
611292.6494243485 4049611.372870443
611294.2032289344 4049610.6023960095
611295.7570335204 4049609.831921576
611297.3108381063 4049609.0614471426
611298.8646426923 4049608.2909727097
611300.4184472781 4049607.520498276
611301.2163925704 4049609.022836433
611302.0143378626 4049610.5251745894
611302.8122831548 4049612.027512746
611303.610228447 4049613.5298509025
611304.4081737392 4049615.032189059
611305.2061190314 4049616.5345272156
611306.0040643236 4049618.036865372
611306.8020096158 4049619.539203529
611307.599954908 4049621.0415416854
611308.3979002002 4049622.543879842
611309.1958454924 4049624.0462179985
611309.9937907846 4049625.548556155
611310.7917360768 4049627.0508943116
611311.589681369 4049628.553232468
611312.3876266612 4049630.055570625
611313.1855719534 4049631.5579087813
611313.9835172456 4049633.060246938
611314.7814625378 4049634.5625850945
611315.57940783 4049636.064923251
611316.3773531222 4049637.5672614076
611317.1752984144 4049639.069599564
611317.9732437066 4049640.5719377208
611318.7711889988 4049642.0742758773
611319.569134291 4049643.576614034
611320.3670795832 4049645.0789521905
611321.1650248754 4049646.581290347
611321.9629701676 4049648.0836285036
611322.7609154598 4049649.58596666
611323.558860752 4049651.0883048167
611324.3568060442 4049652.5906429733
611325.1547513364 4049654.09298113
611325.9526966286 4049655.5953192865
611327.6165889939 4049656.592733157
611329.2804813592 4049657.5901470273
611330.9443737245 4049658.5875608977
611332.6082660898 4049659.584974768
