611426.9399529506 4049849.0487968386
611425.8674803202 4049847.5831709504
611424.7950076899 4049846.1175450617
611423.7225350596 4049844.651919173
611422.6500624293 4049843.1862932844
611421.577589799 4049841.7206673957
611420.5051171685 4049840.255041507
611419.4326445381 4049838.7894156184
611418.3601719078 4049837.3237897297
611417.2876992775 4049835.858163841
611416.2152266472 4049834.3925379524
611415.1427540169 4049832.9269120637
611414.0702813865 4049831.4612861755
611412.9978087561 4049829.9956602873
611411.9253361258 4049828.5300343987
611410.8528634955 4049827.06440851
611409.7803908652 4049825.5987826213
611408.7079182349 4049824.1331567327
611407.6354456046 4049822.667530844
611406.5629729743 4049821.2019049553
611405.4905003438 4049819.7362790667
611404.4180277134 4049818.270653178
611403.3455550831 4049816.8050272893
611402.2730824528 4049815.3394014006
611401.2006098225 4049813.8737755124
611400.1281371922 4049812.4081496242
611399.0556645618 4049810.9425237356
611397.9831919314 4049809.476897847
611396.9107193011 4049808.0112719582
611395.8382466708 4049806.5456460696
611394.7657740405 4049805.080020181
611393.6933014102 4049803.6143942922
611392.6208287798 4049802.1487684036
