611410.0138546595 4049920.3542528576
611408.3360402102 4049918.051210107
611406.6582257608 4049915.748167356
611405.210742593 4049913.7234478407
611403.7632594253 4049911.6987283253
611402.3157762575 4049909.67400881
611400.8682930899 4049907.6492892946
611399.6636488899 4049906.023082145
611398.4590046899 4049904.3968749954
611397.25436049 4049902.770667846
611396.0497162901 4049901.1444606963
611394.8898052719 4049899.555028226
611393.7298942537 4049897.9655957567
611392.5699832354 4049896.3761632866
611391.4100722172 4049894.7867308166
611390.250161199 4049893.1972983466
611389.0902501808 4049891.6078658765
611387.9303391625 4049890.018433407
611386.7704281443 4049888.429000937
611385.7172938014 4049886.989350863
611384.6641594585 4049885.549700789
611383.6110251156 4049884.1100507155
611382.5578907727 4049882.6704006414
611380.9524109273 4049880.4431555374
611379.3469310817 4049878.215910433
611377.7414512362 4049875.9886653284
611376.1359713908 4049873.761420224
611374.5882162057 4049871.6784528643
611373.0404610207 4049869.5954855047
611371.4927058356 4049867.512518145
611369.9449506506 4049865.429550786
