553773.2659917679 4180690.4575990043
553795.4948702948 4180692.066968356
553829.0731163725 4180694.8838037364
553905.5910080483 4180701.1241205744
553966.8114583025 4180706.325902282
553973.7968004802 4180706.9413522854
553976.1039595415 4180707.0641980013
553977.5791171737 4180707.028877684
553978.7090818492 4180706.7413083906
553979.9170225121 4180706.1804799084
553980.5987378476 4180705.4153016126
553981.3734787427 4180703.9769644095
553981.9268243349 4180702.45904235
553982.6810967851 4180700.368780063
554002.561903325 4180705.354381481
553994.6663583865 4180727.682863519
553994.2168290389 4180729.0687136673
553994.151126899 4180730.0187721024
553994.4083151678 4180730.9145140494
553994.908199622 4180731.6005562395
553995.7224847396 4180732.1782133267
553996.8035258151 4180732.777473119
553993.8560529005 4180741.1269649253
553993.3175742786 4180741.0311942575
553992.6535023623 4180740.9477759665
553992.0435605552 4180741.139338351
553991.595930931 4180741.5318835475
553991.3260724039 4180742.0781822097
553991.0286646836 4180743.0452314205
553970.1722003861 4180735.802191114
553973.9051589209 4180725.63969173
553974.2477082276 4180724.5978131793
553974.4002024163 4180723.798298019
553974.4193686289 4180723.189282991
553974.3794983452 4180722.4554226105
553974.1998425261 4180721.6187603637
553973.939685593 4180721.0171606853
553973.6519065676 4180720.483143399
553973.2828051252 4180719.956097535
553972.6170331398 4180719.3902313947
553971.5867276844 4180718.7555862577
553970.1621573557 4180718.3132277024
553960.1325453954 4180717.6965640923
553931.380357234 4180715.3847621283
553899.86745139 4180712.704731175
553868.1313155687 4180710.1881191465
553848.0669947127 4180708.5581030487
553844.7423530075 4180705.947500078
553844.3476275781 4180705.819891692
553843.5171078136 4180705.772789856
553816.4966357334 4180703.1307594776
553796.5242418058 4180701.50834827
553772.9572088199 4180699.6020228025
553771.9462437137 4180699.5951982345
553770.9554047168 4180699.5620174194
553770.279850333 4180699.819371804
553769.5868684314 4180700.0458316444
553769.0779587863 4180700.422857574
553768.7073239574 4180700.7923626974
553768.3717173112 4180701.192351744
553768.0703089307 4180701.6064511565
553767.7725689407 4180702.1191286203
553767.5158051401 4180702.7609940195
553767.4169016589 4180703.5071521127
553760.6541728851 4180702.8858145745
553762.3061110629 4180682.967296733
553769.2279050899 4180683.418576902
553769.1409681583 4180684.7513357312
553769.1530937034 4180685.833296595
553769.257199844 4180686.8547493774
553769.5194076102 4180687.892667609
553770.120227283 4180688.8137577004
553770.9818688846 4180689.685948449
553770.3379875155 4180696.1050689416
553781.3509226606 4180697.0143382875
553792.1362505801 4180697.89062374
553801.873237097 4180698.65787207
553807.3245422149 4180699.116248891
553819.835320355 4180700.14884777
553835.9556552594 4180701.494510965
553849.8503367315 4180702.3694199794
553878.3213215632 4180705.0179288797
553892.8671409253 4180706.207611137
553948.1312083609 4180710.678742456
553971.7792479573 4180712.780243778
553972.8791722178 4180712.900544299
