581134.1785958883 4140258.326321141
581132.7541630466 4140251.170785173
581130.9127295334 4140242.526991767
581129.1918047864 4140234.5692596934
581127.660024637 4140227.474976617
581126.4803015727 4140221.986029091
581125.0400006971 4140220.6646489906
581122.9404658518 4140210.552438324
581123.7329390567 4140208.8846857296
581122.8472796172 4140204.7930728933
581128.7524474843 4140203.530999903
581127.6704149162 4140198.146544794
581142.9895088929 4140194.7708219965
581143.3565850313 4140196.700764885
581143.5254150404 4140197.771241935
581143.9646480803 4140198.646514675
581144.4781010952 4140199.475663397
581144.9516694461 4140200.0500514987
581145.6635015083 4140200.6573631642
581146.1651871204 4140200.9643043275
581146.8706830819 4140201.215190002
581147.7052061777 4140201.331509877
581148.5975029583 4140201.366474047
581149.5616337033 4140201.18083536
581155.0148474631 4140199.945364661
581156.6611011729 4140208.091558409
581152.5787095784 4140209.030952523
581152.0052558468 4140209.1253757626
581151.614864306 4140209.4670200623
581151.384233799 4140209.9057636065
581151.3419151858 4140210.388043921
581151.3822169402 4140211.008763638
581151.8991118849 4140213.311326032
581152.1762072301 4140213.844936836
581152.6186368363 4140214.2283693794
581153.1293833225 4140214.334308079
581153.7121732773 4140214.3468272793
581157.6858628577 4140213.532335006
581159.2312630275 4140220.7096594316
581162.737831188 4140236.9037467763
581163.2815599155 4140239.5695131817
581158.614022189 4140241.159690619
581158.1995194238 4140241.5648232508
581158.2526343225 4140242.38506551
581160.4844697152 4140252.66233474
581152.5495809254 4140254.3996002455
581150.6634134905 4140245.232157815
581150.3972520424 4140244.5602061665
581150.098424369 4140244.2028943878
581149.5961726162 4140243.969879253
581149.0541637393 4140243.932881825
581148.5235988133 4140244.023945903
581140.7338631388 4140245.7429006575
581140.2740604714 4140246.0496097626
581140.0374785237 4140246.467598607
581139.9083916309 4140247.1050148215
581140.0585941037 4140247.885570832
581141.9260797423 4140256.674914169
581146.9422619942 4140255.7058218373
581144.3653338109 4140244.27451406
581141.3438480792 4140231.4903819454
581138.6368578846 4140218.0816013394
581136.4553569286 4140218.5444282726
581135.754554359 4140218.7906440916
581135.0456580189 4140218.8912958303
581134.4116531366 4140218.749938575
581133.9229346707 4140218.4147882047
581133.6009497116 4140217.7941710916
581132.7458064075 4140213.8921383834
581132.7414443917 4140212.971090134
581132.8008464606 4140212.3523854245
581133.0182772283 4140211.7949757404
581133.4286506871 4140211.214375618
581133.8971955747 4140210.7705282713
581134.54107283 4140210.3218731927
581135.9731922641 4140209.945694176
581138.0744974707 4140209.4888098473
581139.5452229293 4140209.3092541867
581140.5715479554 4140209.423104096
581141.3599878348 4140209.754391179
581141.9459322955 4140210.0881261784
581142.4785238921 4140210.536604914
581142.9410789311 4140211.0335442275
581143.4834475149 4140211.87673124
581143.8504973704 4140212.825003882
581144.421863383 4140215.315770871
581144.4108706227 4140215.948319287
581144.2075370318 4140216.4813321102
581143.7743262366 4140216.868233253
581143.1349662866 4140217.1894103354
581142.3624191589 4140217.324067032
581140.5241984996 4140217.702460414
581138.7609273888 4140218.0597321214
581140.9019299352 4140228.7766949064
581141.5371046164 4140228.667770568
581142.8953724467 4140235.3137260815
581147.2667946006 4140234.437615659
581147.9444410476 4140233.674683221
581147.140085918 4140228.8198295548
581146.7150586998 4140228.0746552553
581145.8599860098 4140227.8959456375
581141.6426717103 4140228.703510956
