581141.7500028743 4140256.2799314447
581132.4455127098 4140213.465963286
581132.5384726163 4140212.172835011
581133.0604857582 4140211.357748628
581133.4245374983 4140210.884952027
581134.3531059732 4140210.2131333617
581138.7374729117 4140209.1894750227
581139.7502353862 4140209.123208573
581140.841301839 4140209.38771887
581141.6557321913 4140209.780476608
581142.4815918778 4140210.340642213
581143.1085939214 4140211.198650217
581143.6272521949 4140212.2271575388
581143.9941293108 4140213.4909000527
581144.3919079761 4140215.2014224147
581150.8322154116 4140244.624545575
581152.7385242902 4140254.0735126953
