581126.2022860476 4140267.7048299816
581119.6137200459 4140269.013849857
581112.1654071112 4140270.533977822
581105.3806479513 4140272.035733222
581099.8930076291 4140273.2207370484
581096.1647532383 4140273.999791637
581092.59820243 4140274.68981916
581088.4526345582 4140275.592969816
581084.0107452135 4140276.457537887
581080.1145585157 4140277.4826460597
581076.1605761467 4140278.2194941444
581072.5648476923 4140279.0933116977
581068.6099772529 4140279.829720821
581064.957202598 4140280.4159707665
581061.3210252924 4140281.6657090737
581057.4055642713 4140282.136385639
581054.1014864859 4140282.963454732
581050.1186724417 4140283.889615372
581046.1573425329 4140284.632185815
581041.6935752995 4140285.601697691
581037.4977281756 4140286.687730844
581033.6153331834 4140287.5299000433
581028.9976299495 4140288.2676823586
581024.69953068 4140289.3556826995
581020.8171100451 4140290.1978748264
581017.4229042144 4140290.9115168103
581013.91588622 4140291.6313237622
581010.4089979472 4140292.43178333
581006.523569644 4140293.274552756
581003.8128716426 4140293.790471121
581000.8817147586 4140294.561585733
580997.4847891373 4140295.2759001907
580993.579988301 4140296.216480917
580990.5449348837 4140296.81106539
580986.8304364954 4140297.69374318
580981.7240138855 4140299.0491085197
580977.7940910312 4140299.8465128457
580973.6567556235 4140300.9158238824
580970.1365707838 4140301.276723018
580965.7959189895 4140302.413643101
580961.6742123299 4140303.196693024
580957.7296646449 4140304.0951514635
580952.9082697638 4140305.292011785
580949.1741098788 4140305.917269049
580944.8538783445 4140306.7751257
580940.9782770855 4140307.7868579733
580938.2887174188 4140308.312751353
580934.786151513 4140309.2670991104
580931.800184072 4140309.696202672
580928.3139971868 4140310.6285118465
580924.3768426209 4140311.3316630726
580921.6515704071 4140311.8830169416
580918.6487347502 4140312.522673392
580915.2730520745 4140313.221696006
580911.218541937 4140314.257444634
580907.9218840927 4140315.2615385205
580905.0912979565 4140315.77490758
580902.2040886257 4140315.725690332
580900.4371768126 4140314.642834139
580898.7322396954 4140313.0942295035
580897.6374262278 4140311.6776127005
580896.6612015701 4140309.8756062966
580896.2138879291 4140307.827146383
580895.5313562514 4140305.0203316566
580894.9235694213 4140302.522996251
580893.9982760556 4140298.8755663186
580893.0062489011 4140294.5927874115
580892.0652350617 4140290.8832663246
580891.1236238665 4140287.2241564733
580890.4902102867 4140284.0299279653
580889.7321874718 4140280.6507893964
580889.3038823125 4140278.008712464
580888.587674491 4140275.3570438027
580888.1796402201 4140272.3736328958
580887.4846040107 4140269.18130056
580886.9376745521 4140266.3339947867
580886.1762107133 4140263.417983476
580885.7474745335 4140260.574479294
580885.2700094924 4140257.6004605456
580884.3344263529 4140254.6208350467
580883.9583066059 4140251.3732262547
580883.227437302 4140248.6210086704
580882.7905447517 4140246.1844818033
580882.2184022233 4140243.513118916
580881.8348650942 4140240.9786860696
580881.1603383437 4140238.076334263
580880.4598256268 4140235.3545562914
580879.8892766279 4140232.0077804476
580879.2126712129 4140229.296081859
580878.7155698676 4140226.156301946
580877.9763936455 4140223.5793294776
580877.5626434269 4140220.581945987
580876.9503969345 4140217.7311524157
580876.2368121397 4140214.7473729956
580875.6456303118 4140211.483197868
580874.8608907182 4140208.2986340937
580874.2987759997 4140204.945865694
580873.6582855051 4140201.656746589
580872.8577735068 4140197.9849291146
580871.9714019567 4140195.1974003674
580871.6155887715 4140192.7174300607
580870.7798260234 4140189.6310293353
580870.1407070168 4140186.5151075083
580869.4043262036 4140183.4443169674
580868.7620048178 4140180.6302862694
580868.1428789335 4140177.765733089
580867.3621108901 4140174.8705104156
580866.8949990143 4140171.914393698
580865.943820126 4140168.69966955
580865.2310619722 4140165.1972448607
580864.4380631489 4140161.517623083
580863.9453783267 4140159.281036138
580863.0213777076 4140156.030632394
580862.5760338388 4140152.999553429
580861.7092716236 4140149.2719361763
580861.2673594061 4140146.4529804788
580860.2322679135 4140141.0225074226
580859.3616760226 4140137.734973579
580858.948642751 4140134.8101321817
580858.0366227747 4140131.6411253978
580856.954022195 4140125.8149865656
580856.3989050583 4140122.626786172
580855.7011601292 4140119.532761349
580854.9077662127 4140116.2037500134
580854.2030900178 4140112.971086014
580853.5536118061 4140109.8267057044
580852.9460930616 4140105.9819885367
580852.3794742796 4140103.231946864
580851.7550545759 4140100.4807712208
580851.0938285418 4140097.4423247264
580850.7406924383 4140094.657909683
580849.9234699943 4140091.535612211
580849.4957746456 4140088.555421516
580849.1821668288 4140086.4418180897
580848.5993471728 4140084.46993351
580848.3075898642 4140082.165101431
580847.9459834807 4140079.8411110695
580848.3847926322 4140077.6113639055
580850.0044711907 4140075.7487379187
580851.7982274165 4140074.2158003785
580853.7514989817 4140072.7507255473
580856.2070671469 4140071.66938529
580858.5705893076 4140071.4375682683
580862.1272082774 4140070.62687234
580864.5338214419 4140070.2693314115
580868.4069755471 4140069.5510302545
580871.8124850583 4140068.7006010907
580875.6200622288 4140067.62548011
580878.686720565 4140067.4602259416
580881.8517748038 4140066.91856502
580884.8863821661 4140066.06653661
580887.7556392533 4140065.5634499555
580890.5819617095 4140064.4787650406
580894.3468004346 4140063.1865966753
580897.8063591622 4140061.9018215113
580901.1635027077 4140060.4664281285
580905.032340407 4140058.861176406
580908.5878809764 4140057.185536966
580912.4942648938 4140054.7317815893
580915.911270175 4140052.596272585
580919.5640757516 4140050.1824927814
580922.4884426852 4140047.7145235254
580925.3623858483 4140045.54955383
580927.9300636734 4140043.0820235717
580931.7873323717 4140039.6402243855
580934.8513571429 4140036.5167737207
580937.8733832437 4140033.271078144
580940.5104339436 4140030.658131784
580943.0157193772 4140028.315025672
580945.1995766873 4140025.8727452853
580947.6302835376 4140023.2169426153
580950.6901663601 4140020.081805584
580953.3383122752 4140017.4518960984
580955.5474921544 4140014.941689159
580958.1411649656 4140012.1923308535
580960.5385090734 4140009.441315743
580963.0635186161 4140006.3709573797
580965.0021493435 4140004.284756293
580967.3396012459 4140001.6734616864
580970.0430860592 4139998.844593787
580972.762424395 4139996.3107124097
580975.6568391887 4139993.182650492
580978.5212709073 4139990.2630815837
580981.0479124072 4139987.509044408
580983.502283835 4139984.99774521
580985.9896863562 4139982.4441875303
580988.4535462013 4139979.9778357707
580991.4675546968 4139977.1780040204
580994.0717379173 4139974.476301074
580996.4913519976 4139972.3294105963
580999.4739190066 4139969.7032030486
581002.4502974793 4139967.341917433
581005.6231868581 4139965.091915042
581008.7890673265 4139962.9072011346
581011.9340208481 4139960.819584385
581014.8449309871 4139958.782178743
581017.8815261881 4139956.9189516734
581021.5676796446 4139954.971909941
581026.0184213164 4139952.951476939
581029.61413325 4139951.5338071063
581033.5382735262 4139950.494552647
581037.2095797989 4139949.478994872
581040.783971501 4139948.8154017557
581045.3066822308 4139948.034436544
581049.5283498031 4139947.08641071
581053.1098453206 4139946.301868786
581057.2425671308 4139945.6407249537
581060.9792025492 4139945.142369487
581065.2698486032 4139944.3296735035
581069.3329069166 4139943.8446509866
581073.3731575442 4139943.085471405
581076.8802038045 4139942.7203833126
581080.3905597007 4139941.991282791
581083.6995777339 4139941.9244206427
581087.2250159776 4139941.448623049
581090.9329478878 4139940.9683864377
581094.6769268089 4139940.7387119676
581098.5440560321 4139940.326197131
581101.9432540212 4139940.153933324
581106.2138921362 4139939.720940872
581110.1489438002 4139939.240151338
581113.2985079896 4139938.7260122546
581116.379863318 4139938.508532161
581120.1552799514 4139937.8675289694
581124.386300212 4139937.353783228
581128.958575781 4139937.8293065038
581132.398189685 4139938.963617848
581135.809743386 4139941.8369419
581137.9186349247 4139944.230503627
581140.002219817 4139948.962045026
581140.5880753545 4139953.8054987565
581140.9322572789 4139958.237430241
581141.6415904232 4139962.7311257776
581142.2083880139 4139966.7684776345
581142.4838192671 4139969.0481500486
581142.7321306024 4139971.520828232
581143.1842063742 4139973.648830635
581143.7154156528 4139977.1319320737
581144.1741226314 4139979.7327986024
581144.4842661438 4139983.0911140284
581144.9487100645 4139985.9099371517
581145.3838379309 4139989.356066399
581145.6571093391 4139992.1591188796
581146.0007384263 4139994.9468257655
581146.5331865991 4139997.9578418075
581147.1019041972 4140000.5819675927
581147.4424675092 4140003.243996112
581148.1487110971 4140006.4946098444
581149.2062301476 4140009.8360824645
581149.3136008347 4140012.5578841134
581149.8136414684 4140014.88472694
581150.2507681391 4140017.435185893
581150.9960693237 4140020.346454109
581151.5321514376 4140022.8357495903
581152.1218637174 4140025.1534312405
581152.8033480484 4140027.877982626
581153.5631399645 4140030.1574501707
581154.0052005632 4140032.8738686894
581154.7014833179 4140036.1406154744
581155.6433703444 4140039.449991216
581156.6580289357 4140044.2214581748
581157.4115723326 4140048.1631646142
581158.1754287772 4140052.2438263497
581159.0426093478 4140056.254942705
581159.967766593 4140059.916873232
581160.6943569616 4140063.0027521173
581161.3574913815 4140066.001993622
581162.009781656 4140069.3621391193
581162.814159667 4140072.5848434074
581163.2358684699 4140076.1426656307
581163.7855421604 4140078.8524839217
581164.6112146617 4140081.5852133073
581165.020547638 4140084.532148813
581165.6904358567 4140087.7642820193
581166.8345060007 4140090.9968796354
581167.5041331073 4140094.4447196396
581168.5071954393 4140097.835022543
581168.7242541205 4140100.8443691237
581169.6098448557 4140104.4866705313
581170.3126154197 4140107.6436920003
581171.2180492464 4140111.268874119
581171.9579466451 4140114.9159061746
581172.8302954949 4140117.9801221583
581173.5338092576 4140120.825135161
581174.2715577694 4140124.875007374
581175.1870335343 4140127.94308144
581175.5447653427 4140131.318975752
581176.0881322585 4140134.2795510744
581176.6104915384 4140138.4464839585
581177.2896509517 4140141.9740723986
581178.078650914 4140145.47245335
581178.9615268166 4140149.063387947
581179.4664959951 4140152.2628968623
581179.9117102857 4140154.876478186
581180.6139290337 4140158.5307794656
581180.6901079597 4140161.0613833824
581179.9057290676 4140163.3025607076
581181.191987476 4140167.3029089505
581181.7026169158 4140170.0394354765
581182.4688016127 4140173.256861914
581183.0369785428 4140175.7192475423
581184.1909511889 4140179.3802134106
581184.7441314342 4140183.1198822563
581185.4848709794 4140187.1469606464
581186.2102056491 4140190.390438256
581186.9247348624 4140193.685948963
581187.6199683248 4140197.097392854
581188.3685107282 4140200.234826974
581189.1623155791 4140203.5715972036
581189.6844471074 4140207.0268818648
581190.452148065 4140210.4419058794
581191.1868449887 4140213.4212163812
581191.8514519457 4140216.001493648
581192.7172657955 4140219.648451076
581193.1152806648 4140222.2502971026
581194.171548669 4140225.878093558
581195.232583637 4140229.6825703206
581195.8102364605 4140232.990872258
581196.4373933595 4140236.848998088
581196.534279604 4140240.309203058
581196.301322971 4140243.611371245
581196.0019910905 4140246.1694025896
581195.1169985512 4140248.9170018123
581193.4241176253 4140251.4558723317
581191.3663390497 4140254.141733629
581189.4993542857 4140255.1153443344
581187.6392441916 4140255.9010536023
581185.2727647737 4140256.5865596277
581183.6197311715 4140257.2439997485
581181.4823206604 4140257.689248259
581179.3142834788 4140258.3575285682
581176.7572384437 4140259.383686836
581174.9313607259 4140259.902592545
581172.1735720558 4140260.399692592
581170.1169406642 4140260.9371095593
581167.7085752395 4140261.399381334
581165.1508066778 4140262.010597246
581162.5862563835 4140262.514778228
581159.6370699467 4140263.381631957
581157.3476918319 4140263.835927237
581154.9376117717 4140264.4878514693
581152.4999050115 4140265.095959074
581148.7073476556 4140265.8071213034
581146.003356708 4140266.470726756
581142.727348964 4140267.11456268
581140.2005678093 4140267.77920927
581137.3008803967 4140268.4385858946
