581136.8816978266 4140251.926359325
581136.3674631785 4140249.073247103
581135.7083201536 4140246.022781196
581135.1313754622 4140243.420183499
581134.5482935811 4140240.5289608967
581133.9968801463 4140238.0873947577
581133.4795356899 4140235.6529564788
581132.8629582017 4140232.4903299655
581132.2919562547 4140229.885067893
581131.7685986691 4140227.1646528314
581131.2247276594 4140224.1086255987
581130.567356766 4140221.172258903
581130.0460792086 4140218.452967619
581129.3370128544 4140214.732790929
581129.249128325 4140211.595335756
581130.2585690719 4140208.998379693
581133.3757906035 4140207.171926242
581137.3726269321 4140206.067123322
581141.1510964743 4140205.8794682957
581143.9719281186 4140206.807109899
581145.3709537274 4140209.1782991905
581146.6267885165 4140211.897935344
581147.5731015867 4140214.9780756403
581148.3643827734 4140217.5592590417
581149.0686017794 4140220.4303617557
581149.7531189604 4140223.0220230254
581150.2970171756 4140225.230574456
581150.8740320373 4140227.8860048614
581151.6339500117 4140231.479626981
581152.3972865439 4140234.4616351873
581152.8304766294 4140236.799389285
581153.5139350155 4140239.396031731
581154.1314762942 4140242.7359174998
581154.7329539781 4140244.9469335247
581155.1992216132 4140247.6775558707
