558311.5913811843 4154084.6121669253
558313.3900723689 4154083.0674486826
558315.198673501 4154081.3650149712
558316.9264428647 4154079.73091488
558318.5860548153 4154078.010066628
558320.5239334507 4154076.2750661992
558321.8132807345 4154075.146134777
558322.9034175168 4154075.2523908275
558324.0247968889 4154076.1925385576
558324.8836606318 4154077.414329816
558324.8791036529 4154078.6294624377
558324.241934345 4154079.5078237313
558315.1416050085 4154088.105786907
558313.2012795736 4154089.980297846
558312.0854095606 4154090.6111351657
558310.6498966921 4154090.510728929
558309.5280788878 4154089.9396173283
558308.8398135409 4154088.8674732964
558309.2040300587 4154087.5008000145
558309.7728233986 4154086.464313677
558310.7837681255 4154085.275808731
