558311.5913811843 4154084.6121669253
558311.8162175824 4154084.419077145
558312.0410539805 4154084.2259873645
558312.2658903785 4154084.032897584
558312.4907267767 4154083.8398078037
558312.7155631747 4154083.6467180233
558312.9403995727 4154083.453628243
558313.1652359709 4154083.2605384625
558313.3900723689 4154083.0674486826
558313.6161475105 4154082.854644469
558313.8422226519 4154082.641840255
558314.0682977934 4154082.429036041
558314.294372935 4154082.2162318267
558314.5204480765 4154082.0034276126
558314.746523218 4154081.790623399
558314.9725983595 4154081.5778191853
558315.198673501 4154081.3650149712
558315.4146446715 4154081.16075246
558315.630615842 4154080.9564899486
558315.8465870124 4154080.752227437
558316.0625581829 4154080.547964926
558316.2785293533 4154080.3437024145
558316.4945005238 4154080.139439903
558316.7104716942 4154079.9351773914
558316.9264428647 4154079.73091488
558317.1338943585 4154079.5158088487
558317.3413458524 4154079.300702817
558317.5487973462 4154079.0855967854
558317.75624884 4154078.870490754
558317.9637003338 4154078.6553847226
558318.1711518277 4154078.4402786912
558318.3786033215 4154078.2251726594
558318.5860548153 4154078.010066628
558318.8282896448 4154077.7931915745
558319.0705244741 4154077.5763165206
558319.3127593036 4154077.359441467
558319.5549941331 4154077.1425664136
558319.7972289624 4154076.92569136
558320.0394637919 4154076.7088163067
558320.2816986213 4154076.4919412527
558320.5239334507 4154076.2750661992
558320.8462702716 4154075.9928333433
558321.1686070926 4154075.710600488
558321.4909439136 4154075.4283676324
558321.8132807345 4154075.146134777
558322.08581493 4154075.1726987897
558322.3583491256 4154075.1992628025
558322.6308833212 4154075.225826815
558322.9034175168 4154075.2523908275
558323.1837623599 4154075.48742776
558323.4641072028 4154075.722464693
558323.7444520459 4154075.957501625
558324.0247968889 4154076.1925385576
558324.2395128247 4154076.497986372
558324.4542287604 4154076.8034341866
558324.6689446962 4154077.1088820016
558324.8836606318 4154077.414329816
558324.8825213872 4154077.7181129716
558324.8813821424 4154078.0218961267
558324.8802428977 4154078.325679282
558324.8791036529 4154078.6294624377
558324.7198113259 4154078.849052761
558324.5605189989 4154079.0686430847
558324.4012266719 4154079.288233408
558324.241934345 4154079.5078237313
558323.9575490532 4154079.7765100803
558323.6731637614 4154080.04519643
558323.3887784696 4154080.313882779
558323.1043931779 4154080.582569128
558322.8200078862 4154080.8512554774
558322.5356225944 4154081.1199418264
558322.2512373027 4154081.3886281755
558321.9668520109 4154081.657314525
558321.6824667192 4154081.9260008745
558321.3980814274 4154082.1946872235
558321.1136961356 4154082.4633735726
558320.8293108438 4154082.732059922
558320.5449255521 4154083.0007462716
558320.2605402602 4154083.2694326206
558319.9761549685 4154083.5381189696
558319.6917696767 4154083.806805319
558319.407384385 4154084.0754916687
558319.1229990933 4154084.3441780177
558318.8386138014 4154084.6128643667
558318.5542285097 4154084.8815507162
558318.2698432179 4154085.1502370657
558317.985457926 4154085.418923415
558317.7010726343 4154085.687609764
558317.4166873426 4154085.9562961133
558317.1323020508 4154086.224982463
558316.8479167591 4154086.493668812
558316.5635314673 4154086.762355161
558316.2791461756 4154087.0310415104
558315.9947608839 4154087.2997278594
558315.7103755921 4154087.5684142085
558315.4259903003 4154087.837100558
558315.1416050085 4154088.105786907
558314.8990643292 4154088.3401007745
558314.6565236498 4154088.5744146416
558314.4139829704 4154088.808728509
558314.171442291 4154089.0430423766
558313.9289016116 4154089.2773562437
558313.6863609323 4154089.511670111
558313.443820253 4154089.7459839787
558313.2012795736 4154089.980297846
558312.9223120704 4154090.1380071756
558312.6433445672 4154090.2957165055
558312.3643770639 4154090.453425836
558312.0854095606 4154090.6111351657
558311.7265313435 4154090.586033607
558311.3676531264 4154090.5609320477
558311.0087749092 4154090.5358304884
558310.6498966921 4154090.510728929
558310.369442241 4154090.367951029
558310.08898779 4154090.225173129
558309.808533339 4154090.0823952286
558309.5280788878 4154089.9396173283
558309.3560125511 4154089.6715813205
558309.1839462144 4154089.4035453126
558309.0118798777 4154089.1355093047
558308.8398135409 4154088.8674732964
558308.9308676703 4154088.525804976
558309.0219217998 4154088.184136655
558309.1129759292 4154087.842468335
558309.2040300587 4154087.5008000145
558309.3462283937 4154087.2416784302
558309.4884267286 4154086.982556846
558309.6306250636 4154086.7234352613
558309.7728233986 4154086.464313677
558310.0255595803 4154086.16718744
558310.278295762 4154085.870061204
558310.5310319437 4154085.5729349675
558310.7837681255 4154085.275808731
