558495.2410521798 4154271.118068099
558494.1343574458 4154269.9407742284
558493.0276627117 4154268.7634803583
558491.9209679775 4154267.586186488
558490.8142732434 4154266.4088926176
558489.7075785093 4154265.231598747
558488.6008837752 4154264.054304877
558487.4941890411 4154262.8770110067
558486.387494307 4154261.699717136
558485.2807995729 4154260.5224232655
558484.1741048389 4154259.3451293954
558483.0674101047 4154258.1678355252
558481.9607153706 4154256.9905416546
558480.8540206365 4154255.8132477845
558479.7473259023 4154254.6359539144
558478.6406311683 4154253.458660044
558477.5339364342 4154252.2813661736
558476.4272417001 4154251.1040723035
558475.320546966 4154249.926778433
558474.2138522319 4154248.749484563
558473.1071574978 4154247.5721906926
558472.0004627637 4154246.394896822
558470.8937680295 4154245.217602952
558469.7870732954 4154244.040309082
558468.6803785614 4154242.863015211
558467.5736838273 4154241.6857213406
558466.4669890932 4154240.5084274705
558465.3602943592 4154239.3311336003
558464.2535996251 4154238.1538397297
558463.146904891 4154236.976545859
558462.0402101569 4154235.799251989
558460.9335154227 4154234.621958119
558459.8268206887 4154233.4446642483
