558481.2083303726 4154256.282191895
558479.8634950633 4154254.8471788247
558478.5186597538 4154253.4121657545
558477.1738244444 4154251.977152684
558475.8289891351 4154250.5421396135
558474.4841538257 4154249.1071265433
558473.1393185162 4154247.6721134726
558471.7944832069 4154246.2371004024
558470.4496478975 4154244.802087332
558469.1048125881 4154243.3670742614
558467.7599772788 4154241.932061191
558466.4151419693 4154240.497048121
558465.0703066599 4154239.0620350502
558463.7254713506 4154237.62702198
558462.3806360412 4154236.19200891
558461.0358007317 4154234.756995839
558459.6909654224 4154233.321982769
558457.93205326 4154231.1335247997
558457.2426574188 4154229.3919237624
558456.8758322217 4154226.9914111053
558456.9963725284 4154224.7333331113
558457.8592263617 4154222.680032679
558459.3723507954 4154221.286096459
558461.0114161843 4154220.4715544526
558462.7380760057 4154219.7542532203
558465.4804806379 4154219.310735033
558468.0482942953 4154219.4358167574
558469.8131078735 4154220.290971453
558471.4159885031 4154221.3874881975
558472.5649487808 4154222.6897411314
558473.9233294835 4154224.1852071676
558475.2817101863 4154225.6806732044
558476.6400908891 4154227.176139241
558477.9984715919 4154228.671605278
558479.3568522946 4154230.1670713145
558480.7152329973 4154231.6625373513
558482.0736137 4154233.158003388
558483.4319944028 4154234.6534694247
558484.7903751056 4154236.1489354614
558486.1487558082 4154237.644401498
558487.5071365109 4154239.139867535
558488.8655172137 4154240.635333571
558490.2238979165 4154242.1307996074
558491.5822786192 4154243.626265644
558492.9406593218 4154245.121731681
558494.2990400246 4154246.6171977175
558495.2342790071 4154248.2392549114
558495.526892626 4154249.950374556
558495.346359971 4154252.042202214
558494.589798448 4154253.901668836
558493.6884221509 4154255.007311497
558492.449673565 4154255.9420818095
558491.0724472977 4154257.1018043617
558489.6914396252 4154257.980790087
558487.8327428385 4154258.560906731
558486.4444844717 4154258.8185905484
558485.117670739 4154258.6321615973
558483.0570395852 4154257.824337444
558481.2083303726 4154256.282191895
