558628.5401858009 4154733.935099767 1
558628.0663902201 4154734.382294248 1
558627.5925946392 4154734.829488729 1
558627.1187990583 4154735.27668321 1
558626.6450034773 4154735.7238776907 1
558626.1787791105 4154736.1512878723 1
558625.7125547437 4154736.5786980544 1
558625.246330377 4154737.0061082365 1
558624.78010601 4154737.433518418 1
558624.1195169286 4154737.8789608106 1
558623.4589278471 4154738.3244032036 1
558622.8021844646 4154738.500025964 1
558622.1454410821 4154738.675648724 1
558621.5111949877 4154738.664228398 1
558620.8769488932 4154738.6528080716 1
558620.3267863193 4154738.579479537 1
558619.7766237452 4154738.506151003 1
558619.109388103 4154738.2306020875 1
558618.4421524609 4154737.9550531725 1
558617.8450736518 4154737.524168428 1
558617.2479948427 4154737.093283683 1
558616.8201598437 4154736.5370313367 1
558616.3923248445 4154735.9807789903 1
558616.0890794887 4154735.21774935 1
558615.7858341328 4154734.454719709 1
558615.7075746839 4154733.804465686 1
558615.6293152352 4154733.1542116627 1
558615.6850223758 4154732.5329528367 1
558615.7407295163 4154731.911694011 1
558615.9887768445 4154731.3152581872 1
558616.2368241728 4154730.718822363 1
558616.7623943624 4154730.168629919 1
558617.2879645521 4154729.618437475 1
558617.7759206998 4154729.1739881323 1
558618.2638768475 4154728.7295387895 1
558618.7518329951 4154728.2850894467 1
558619.2397891427 4154727.840640104 1
558619.7010098111 4154727.400543544 1
558620.1622304795 4154726.960446984 1
558620.6234511479 4154726.520350424 1
558621.0846718162 4154726.080253864 1
558621.5812869049 4154725.6001032433 1
558622.0779019934 4154725.1199526223 1
558622.574517082 4154724.6398020014 1
558623.0711321706 4154724.1596513805 1
558623.5677472593 4154723.6795007596 1
558624.0643623478 4154723.1993501387 1
558624.5609774364 4154722.7191995177 1
558625.057592525 4154722.239048897 1
558625.6606626642 4154721.872039005 1
558626.2637328034 4154721.505029114 1
558626.9630640405 4154721.282615467 1
558627.6623952776 4154721.06020182 1
558628.3004760836 4154721.093818279 1
558628.9385568897 4154721.1274347384 1
558629.4898870392 4154721.2127219643 1
558630.0412171886 4154721.2980091907 1
558630.6946911584 4154721.634634535 1
558631.3481651281 4154721.971259879 1
558631.8897884481 4154722.444041171 1
558632.4314117682 4154722.9168224633 1
558632.894272093 4154723.5273593906 1
558633.3571324178 4154724.1378963175 1
558633.6743017299 4154724.651612389 1
558633.9914710419 4154725.1653284603 1
558634.1078889387 4154725.7345964247 1
558634.2243068356 4154726.3038643897 1
558634.1779732117 4154727.038153691 1
558634.0140563454 4154727.60927294 1
558633.8501394792 4154728.1803921894 1
558633.5698489429 4154728.7510497114 1
558633.2895584067 4154729.321707234 1
558632.7848810272 4154729.9340725658 1
558632.2802036478 4154730.5464378977 1
558631.8127014169 4154730.9700206313 1
558631.3451991861 4154731.393603365 1
558630.8776969552 4154731.8171860985 1
558630.4101947243 4154732.240768832 1
558629.9426924934 4154732.6643515658 1
558629.4751902625 4154733.0879342994 1
558629.0076880318 4154733.511517033 1
558628.5401858009 4154733.935099767 1
