558477.3660815489 4154252.5245576585
558478.9619524797 4154253.305317182
558481.0938827624 4154253.250524062
558483.2119371494 4154253.252284629
558485.0596773478 4154253.748541833
558486.1664635323 4154254.979529342
558487.2732497166 4154256.2105168514
558488.9907257773 4154258.00875281
558488.948570316 4154260.1253699227
558486.9513945301 4154262.150607944
558485.7318800704 4154263.095932688
558484.5123656106 4154264.041257432
558482.8911876878 4154265.216772139
558481.0288387592 4154267.052488408
558479.441822623 4154268.419736967
558477.3592652896 4154269.5671999305
558475.421588624 4154270.090102201
558472.884898271 4154269.782697579
558470.7186180307 4154268.7878267034
558468.6950175859 4154266.878328493
558466.6714171411 4154264.968830282
558465.4344084957 4154263.644441311
558464.1973998501 4154262.3200523397
558462.9603912046 4154260.995663368
558461.7233825591 4154259.671274397
558460.4863739136 4154258.346885426
558459.249365268 4154257.0224964544
558458.0123566226 4154255.6981074833
558456.7753479771 4154254.3737185122
558455.5383393315 4154253.049329541
558454.3013306861 4154251.72494057
558453.0643220405 4154250.400551599
558451.827313395 4154249.076162628
558450.5903047496 4154247.751773657
558449.353296104 4154246.4273846857
558448.1162874585 4154245.102995714
558446.879278813 4154243.778606743
558445.6141105761 4154242.4357314743
558444.3489423392 4154241.0928562055
558444.1139257596 4154239.152254129
558444.3598889598 4154236.9576575477
558445.1970833803 4154234.962528657
558446.0059974717 4154233.5028412445
558447.0799133882 4154232.635496003
558448.1225450496 4154231.7685842677
558449.6967111857 4154231.375465822
558451.4583064895 4154231.2982181953
558453.6751111953 4154232.6251291214
558455.4490267297 4154234.510916429
558457.2229422639 4154236.396703737
558458.9663829659 4154238.157390301
558460.7511234775 4154238.4832571372
558462.5047892614 4154238.3720033313
558464.5661743572 4154238.6056816527
558466.0206223079 4154239.5285108197
558467.1138378468 4154240.749842626
558468.2070533857 4154241.971174432
558469.3002689246 4154243.1925062384
558470.3934844634 4154244.4138380447
558471.4867000023 4154245.635169851
558472.5799155412 4154246.8565016575
558473.6731310801 4154248.0778334634
558474.766346619 4154249.29916527
558476.0662140839 4154250.9118614644
558477.3660815489 4154252.5245576585
