558477.3660815489 4154252.5245576585 1
558478.9619524797 4154253.305317182 1
558481.0938827624 4154253.250524062 1
558483.2119371494 4154253.252284629 1
558485.0596773478 4154253.748541833 1
558487.2732497166 4154256.2105168514 1
558488.9907257773 4154258.00875281 1
558488.948570316 4154260.1253699227 1
558486.9513945301 4154262.150607944 1
558484.5123656106 4154264.041257432 1
558482.8911876878 4154265.216772139 1
558481.0288387592 4154267.052488408 1
558479.441822623 4154268.419736967 1
558477.3592652896 4154269.5671999305 1
558475.421588624 4154270.090102201 1
558472.884898271 4154269.782697579 1
558470.7186180307 4154268.7878267034 1
558466.6714171411 4154264.968830282 1
558446.879278813 4154243.778606743 1
558444.3489423392 4154241.0928562055 1
558444.1139257596 4154239.152254129 1
558444.3598889598 4154236.9576575477 1
558445.1970833803 4154234.962528657 1
558446.0059974717 4154233.5028412445 1
558447.0799133882 4154232.635496003 1
558448.1225450496 4154231.7685842677 1
558449.6967111857 4154231.375465822 1
558451.4583064895 4154231.2982181953 1
558453.6751111953 4154232.6251291214 1
558457.2229422639 4154236.396703737 1
558458.9663829659 4154238.157390301 1
558460.7511234775 4154238.4832571372 1
558462.5047892614 4154238.3720033313 1
558464.5661743572 4154238.6056816527 1
558466.0206223079 4154239.5285108197 1
558474.766346619 4154249.29916527 1
558477.3660815489 4154252.5245576585 1
