558477.3660815489 4154252.5245576585
558478.9619524797 4154253.305317182
558481.0938827624 4154253.250524062
558483.2119371494 4154253.252284629
558485.0596773478 4154253.748541833
558487.2732497166 4154256.2105168514
558488.9907257773 4154258.00875281
558488.948570316 4154260.1253699227
558486.9513945301 4154262.150607944
558484.5123656106 4154264.041257432
558482.8911876878 4154265.216772139
558481.0288387592 4154267.052488408
558479.441822623 4154268.419736967
558477.3592652896 4154269.5671999305
558475.421588624 4154270.090102201
558472.884898271 4154269.782697579
558470.7186180307 4154268.7878267034
558466.6714171411 4154264.968830282
558446.879278813 4154243.778606743
558444.3489423392 4154241.0928562055
558444.1139257596 4154239.152254129
558444.3598889598 4154236.9576575477
558445.1970833803 4154234.962528657
558446.0059974717 4154233.5028412445
558447.0799133882 4154232.635496003
558448.1225450496 4154231.7685842677
558449.6967111857 4154231.375465822
558451.4583064895 4154231.2982181953
558453.6751111953 4154232.6251291214
558457.2229422639 4154236.396703737
558458.9663829659 4154238.157390301
558460.7511234775 4154238.4832571372
558462.5047892614 4154238.3720033313
558464.5661743572 4154238.6056816527
558466.0206223079 4154239.5285108197
558474.766346619 4154249.29916527
558477.3660815489 4154252.5245576585
